shape_id,shape_pt_lat,shape_pt_lon,shape_pt_sequence,shape_dist_traveled
1491,-23.698867,133.878415,0,0.000
1491,-23.699239,133.878228,1,0.046
1491,-23.699799,133.879550,2,0.194
1491,-23.700359,133.880891,3,0.344
1491,-23.698634,133.881744,4,0.554
1491,-23.698379,133.881871,5,0.586
1491,-23.696364,133.882881,6,0.832
1491,-23.695813,133.881550,7,0.981
1491,-23.695253,133.880209,8,1.131
1491,-23.694991,133.879716,9,1.189
1491,-23.694583,133.879616,10,1.235
1491,-23.694184,133.879547,11,1.280
1491,-23.693712,133.879329,12,1.337
1491,-23.693586,133.879161,13,1.359
1491,-23.693468,133.879013,14,1.379
1491,-23.692735,133.878056,15,1.506
1491,-23.692481,133.877858,16,1.541
1491,-23.692201,133.877641,17,1.579
1491,-23.691811,133.877334,18,1.633
1491,-23.690353,133.876188,19,1.833
1491,-23.690036,133.875941,20,1.876
1491,-23.689003,133.875121,21,2.018
1491,-23.688097,133.874489,22,2.137
1491,-23.687671,133.874330,23,2.187
1491,-23.686837,133.874043,24,2.285
1491,-23.685839,133.874100,25,2.396
1491,-23.684895,133.874157,26,2.501
1491,-23.684888,133.873457,27,2.572
1491,-23.684888,133.873270,28,2.591
1491,-23.684888,133.873083,29,2.610
1491,-23.684911,133.870847,30,2.838
1491,-23.684865,133.870837,31,2.843
1491,-23.683985,133.870766,32,2.941
1491,-23.683949,133.870766,33,2.945
1491,-23.682988,133.870685,34,3.052
1491,-23.682035,133.870604,35,3.159
1491,-23.681518,133.870563,36,3.216
1491,-23.680929,133.870513,37,3.282
1491,-23.680923,133.873359,38,3.572
1491,-23.679861,133.873495,39,3.691
1491,-23.679662,133.873524,40,3.713
1491,-23.679235,133.873582,41,3.713
1491,-23.679290,133.873572,42,3.719
1491,-23.679662,133.873524,43,3.761
1491,-23.679290,133.873572,44,3.803
1491,-23.679235,133.873582,45,3.809
1491,-23.678500,133.873669,46,3.891
1491,-23.678447,133.873127,47,3.946
1491,-23.678447,133.873147,48,3.948
1491,-23.678447,133.873127,49,3.948
1491,-23.678411,133.872802,50,3.982
1491,-23.678322,133.871984,51,4.066
1491,-23.678224,133.871157,52,4.151
1491,-23.678153,133.870497,53,4.218
1491,-23.678153,133.870447,54,4.223
1491,-23.678153,133.870398,55,4.228
1491,-23.678153,133.870181,56,4.250
1491,-23.678172,133.869965,57,4.273
1491,-23.678337,133.868950,58,4.378
1491,-23.678110,133.868812,59,4.406
1491,-23.677902,133.868644,60,4.435
1491,-23.677712,133.868447,61,4.464
1491,-23.677468,133.868101,62,4.509
1491,-23.677323,133.867884,63,4.536
1491,-23.677296,133.867855,64,4.540
1491,-23.677060,133.867588,65,4.578
1491,-23.676770,133.867331,66,4.620
1491,-23.675719,133.866768,67,4.750
1491,-23.675883,133.866364,68,4.795
1491,-23.675930,133.865813,69,4.851
1491,-23.675957,133.865557,70,4.877
1491,-23.675959,133.864394,71,4.996
1491,-23.675452,133.864354,72,5.052
1491,-23.674989,133.864008,73,5.115
1491,-23.674917,133.863909,74,5.128
1491,-23.674510,133.863426,75,5.194
1491,-23.674773,133.863210,76,5.231
1491,-23.674819,133.863180,77,5.237
1491,-23.675037,133.863092,78,5.263
1491,-23.675926,133.862946,79,5.363
1491,-23.676024,133.863705,80,5.441
1491,-23.675969,133.864237,81,5.495
1491,-23.675959,133.864394,82,5.511
1491,-23.675959,133.864404,83,5.512
1491,-23.675957,133.865557,84,5.630
1491,-23.675930,133.865813,85,5.656
1491,-23.676801,133.865815,86,5.753
1491,-23.677173,133.865815,87,5.794
1491,-23.678152,133.865827,88,5.903
1491,-23.678397,133.865867,89,5.931
1491,-23.678415,133.865877,90,5.933
1491,-23.678651,133.865947,91,5.960
1491,-23.679005,133.866125,92,6.003
1491,-23.679403,133.866392,93,6.055
1491,-23.679775,133.866698,94,6.107
1491,-23.680110,133.867053,95,6.159
1491,-23.680354,133.867359,96,6.200
1491,-23.680562,133.867695,97,6.242
1491,-23.680752,133.868040,98,6.283
1491,-23.680833,133.868237,99,6.305
1491,-23.680896,133.868434,100,6.326
1491,-23.680914,133.868592,101,6.342
1491,-23.680923,133.868651,102,6.348
1491,-23.680932,133.868868,103,6.370
1491,-23.680931,133.869193,104,6.403
1491,-23.680929,133.870513,105,6.538
1491,-23.680923,133.873359,106,6.828
1491,-23.680930,133.874404,107,6.934
1491,-23.679714,133.874549,108,7.070
1491,-23.677854,133.874771,109,7.278
1491,-23.677355,133.874799,110,7.334
1491,-23.676856,133.874788,111,7.389
1491,-23.676357,133.874718,112,7.445
1491,-23.675877,133.874599,113,7.500
1491,-23.675469,133.874460,114,7.547
1491,-23.675233,133.874371,115,7.575
1491,-23.674825,133.874153,116,7.626
1491,-23.674499,133.873966,117,7.667
1491,-23.674245,133.873788,118,7.700
1491,-23.674010,133.873610,119,7.732
1491,-23.673819,133.873462,120,7.758
1491,-23.672886,133.872760,121,7.884
1491,-23.670929,133.871288,122,8.148
1491,-23.670114,133.870676,123,8.258
1491,-23.669055,133.869412,124,8.433
1491,-23.669028,133.869383,125,8.437
1491,-23.668549,133.868584,126,8.534
1491,-23.668976,133.868279,127,8.591
1491,-23.670765,133.866993,128,8.829
1491,-23.671628,133.866374,129,8.944
1491,-23.671194,133.865654,130,9.032
1491,-23.671059,133.865418,131,9.060
1491,-23.670959,133.865161,132,9.088
1491,-23.670878,133.864895,133,9.117
1491,-23.670833,133.864619,134,9.146
1491,-23.670797,133.864334,135,9.175
1491,-23.670807,133.864048,136,9.204
1491,-23.670853,133.863762,137,9.234
1491,-23.670926,133.863487,138,9.263
1491,-23.671044,133.863231,139,9.292
1491,-23.670002,133.862618,140,9.424
1491,-23.668691,133.864979,141,9.705
1491,-23.668346,133.865609,142,9.780
1491,-23.668218,133.865786,143,9.802
1491,-23.668073,133.865953,144,9.826
1491,-23.667909,133.866090,145,9.849
1491,-23.667882,133.866120,146,9.853
1491,-23.667300,133.866522,147,9.930
1491,-23.667508,133.866897,148,9.974
1491,-23.668549,133.868584,149,10.181
1491,-23.668802,133.868998,150,10.232
1491,-23.669028,133.869383,151,10.279
1491,-23.669055,133.869412,152,10.283
1491,-23.670114,133.870676,153,10.457
1491,-23.670929,133.871288,154,10.567
1491,-23.673819,133.873462,155,10.958
1491,-23.674010,133.873610,156,10.984
1491,-23.674245,133.873788,157,11.015
1491,-23.674499,133.873966,158,11.049
1491,-23.674825,133.874153,159,11.090
1491,-23.675233,133.874371,160,11.140
1491,-23.675469,133.874460,161,11.168
1491,-23.675877,133.874599,162,11.216
1491,-23.676357,133.874718,163,11.270
1491,-23.676856,133.874788,164,11.326
1491,-23.677355,133.874799,165,11.382
1491,-23.677854,133.874771,166,11.437
1491,-23.679714,133.874549,167,11.646
1491,-23.680930,133.874404,168,11.782
1491,-23.681366,133.874365,169,11.830
1491,-23.682019,133.874327,170,11.903
1491,-23.684895,133.874157,171,12.223
1491,-23.685839,133.874100,172,12.328
1491,-23.686392,133.874071,173,12.390
1491,-23.686837,133.874043,174,12.439
1491,-23.687671,133.874330,175,12.537
1491,-23.688097,133.874489,176,12.587
1491,-23.689003,133.875121,177,12.706
1491,-23.690144,133.876020,178,12.863
1491,-23.690353,133.876188,179,12.891
1491,-23.691811,133.877334,180,13.091
1491,-23.692201,133.877641,181,13.145
1491,-23.692481,133.877858,182,13.183
1491,-23.692735,133.878056,183,13.218
1491,-23.693468,133.879013,184,13.345
1491,-23.693586,133.879161,185,13.365
1491,-23.693712,133.879329,186,13.387
1491,-23.694184,133.879547,187,13.444
1491,-23.694583,133.879616,188,13.489
1491,-23.694991,133.879716,189,13.535
1491,-23.695018,133.879726,190,13.538
1491,-23.697034,133.878696,191,13.786
1491,-23.697515,133.878451,192,13.845
1491,-23.699095,133.877785,193,14.033
1491,-23.700593,133.877029,194,14.216
1491,-23.700702,133.876980,195,14.230
1491,-23.701102,133.876745,196,14.280
1491,-23.702273,133.876156,197,14.423
1491,-23.702863,133.876108,198,14.489
1491,-23.703414,133.877489,199,14.643
1491,-23.703441,133.877558,200,14.650
1491,-23.703450,133.877735,201,14.668
1491,-23.703458,133.878189,202,14.714
1491,-23.703855,133.879145,203,14.821
1491,-23.702030,133.880057,204,15.045
1491,-23.701476,133.880332,205,15.112
1491,-23.700359,133.880891,206,15.249
1491,-23.698634,133.881744,207,15.459
1491,-23.698634,133.881754,208,15.460
1491,-23.698379,133.881881,209,15.491
1491,-23.697811,133.880550,210,15.641
1491,-23.697251,133.879209,211,15.791
1491,-23.698767,133.878454,212,15.976
1491,-23.698767,133.878464,213,15.977
1538,-23.698867,133.878415,0,0.000
1538,-23.699239,133.878228,1,0.046
1538,-23.699799,133.879550,2,0.194
1538,-23.700359,133.880891,3,0.344
1538,-23.698634,133.881744,4,0.554
1538,-23.698379,133.881871,5,0.586
1538,-23.696364,133.882881,6,0.832
1538,-23.695813,133.881550,7,0.981
1538,-23.695253,133.880209,8,1.131
1538,-23.694991,133.879716,9,1.189
1538,-23.694583,133.879616,10,1.235
1538,-23.694184,133.879547,11,1.280
1538,-23.693712,133.879329,12,1.337
1538,-23.693586,133.879161,13,1.359
1538,-23.693468,133.879013,14,1.379
1538,-23.692735,133.878056,15,1.506
1538,-23.692481,133.877858,16,1.541
1538,-23.692201,133.877641,17,1.579
1538,-23.691811,133.877334,18,1.633
1538,-23.690353,133.876188,19,1.833
1538,-23.690036,133.875941,20,1.876
1538,-23.689003,133.875121,21,2.018
1538,-23.688097,133.874489,22,2.137
1538,-23.687671,133.874330,23,2.187
1538,-23.686837,133.874043,24,2.285
1538,-23.685839,133.874100,25,2.396
1538,-23.684895,133.874157,26,2.501
1538,-23.684888,133.873457,27,2.572
1538,-23.684888,133.873270,28,2.591
1538,-23.684888,133.873083,29,2.610
1538,-23.684911,133.870847,30,2.838
1538,-23.684865,133.870837,31,2.843
1538,-23.683985,133.870766,32,2.941
1538,-23.683949,133.870766,33,2.945
1538,-23.682988,133.870685,34,3.052
1538,-23.682035,133.870604,35,3.159
1538,-23.681518,133.870563,36,3.216
1538,-23.680929,133.870513,37,3.282
1538,-23.680923,133.873359,38,3.572
1538,-23.679861,133.873495,39,3.691
1538,-23.679662,133.873524,40,3.713
1538,-23.679235,133.873582,41,3.713
1538,-23.679290,133.873572,42,3.719
1538,-23.679662,133.873524,43,3.761
1538,-23.679290,133.873572,44,3.803
1538,-23.679235,133.873582,45,3.809
1538,-23.678500,133.873669,46,3.891
1538,-23.678447,133.873127,47,3.946
1538,-23.678447,133.873147,48,3.948
1538,-23.678447,133.873127,49,3.948
1538,-23.678411,133.872802,50,3.982
1538,-23.678322,133.871984,51,4.066
1538,-23.678224,133.871157,52,4.151
1538,-23.678153,133.870497,53,4.218
1538,-23.678153,133.870447,54,4.223
1538,-23.678153,133.870398,55,4.228
1538,-23.678153,133.870181,56,4.250
1538,-23.678172,133.869965,57,4.273
1538,-23.678337,133.868950,58,4.378
1538,-23.678110,133.868812,59,4.406
1538,-23.677902,133.868644,60,4.435
1538,-23.677712,133.868447,61,4.464
1538,-23.677468,133.868101,62,4.509
1538,-23.677323,133.867884,63,4.536
1538,-23.677296,133.867855,64,4.540
1538,-23.677060,133.867588,65,4.578
1538,-23.676770,133.867331,66,4.620
1538,-23.675719,133.866768,67,4.750
1538,-23.675883,133.866364,68,4.795
1538,-23.675930,133.865813,69,4.851
1538,-23.675957,133.865557,70,4.877
1538,-23.675959,133.864394,71,4.996
1538,-23.675452,133.864354,72,5.052
1538,-23.674989,133.864008,73,5.115
1538,-23.674917,133.863909,74,5.128
1538,-23.674510,133.863426,75,5.194
1538,-23.674773,133.863210,76,5.231
1538,-23.674819,133.863180,77,5.237
1538,-23.675037,133.863092,78,5.263
1538,-23.675926,133.862946,79,5.363
1538,-23.676024,133.863705,80,5.441
1538,-23.675969,133.864237,81,5.495
1538,-23.675959,133.864394,82,5.511
1538,-23.675959,133.864404,83,5.512
1538,-23.675957,133.865557,84,5.630
1538,-23.675930,133.865813,85,5.656
1538,-23.676801,133.865815,86,5.753
1538,-23.677173,133.865815,87,5.794
1538,-23.678152,133.865827,88,5.903
1538,-23.678397,133.865867,89,5.931
1538,-23.678415,133.865877,90,5.933
1538,-23.678651,133.865947,91,5.960
1538,-23.679005,133.866125,92,6.003
1538,-23.679403,133.866392,93,6.055
1538,-23.679775,133.866698,94,6.107
1538,-23.680110,133.867053,95,6.159
1538,-23.680354,133.867359,96,6.200
1538,-23.680562,133.867695,97,6.242
1538,-23.680752,133.868040,98,6.283
1538,-23.680833,133.868237,99,6.305
1538,-23.680896,133.868434,100,6.326
1538,-23.680914,133.868592,101,6.342
1538,-23.680923,133.868651,102,6.348
1538,-23.680932,133.868868,103,6.370
1538,-23.680931,133.869193,104,6.403
1538,-23.680929,133.870513,105,6.538
1538,-23.680923,133.873359,106,6.828
1538,-23.680930,133.874404,107,6.934
1538,-23.679714,133.874549,108,7.070
1538,-23.677854,133.874771,109,7.278
1538,-23.677355,133.874799,110,7.334
1538,-23.676856,133.874788,111,7.389
1538,-23.676357,133.874718,112,7.445
1538,-23.675877,133.874599,113,7.500
1538,-23.675469,133.874460,114,7.547
1538,-23.675233,133.874371,115,7.575
1538,-23.674825,133.874153,116,7.626
1538,-23.674499,133.873966,117,7.667
1538,-23.674245,133.873788,118,7.700
1538,-23.674010,133.873610,119,7.732
1538,-23.673819,133.873462,120,7.758
1538,-23.672886,133.872760,121,7.884
1538,-23.670929,133.871288,122,8.148
1538,-23.670114,133.870676,123,8.258
1538,-23.669055,133.869412,124,8.433
1538,-23.669028,133.869383,125,8.437
1538,-23.668549,133.868584,126,8.534
1538,-23.668976,133.868279,127,8.591
1538,-23.670765,133.866993,128,8.829
1538,-23.671628,133.866374,129,8.944
1538,-23.671194,133.865654,130,9.032
1538,-23.671059,133.865418,131,9.060
1538,-23.670959,133.865161,132,9.088
1538,-23.670878,133.864895,133,9.117
1538,-23.670833,133.864619,134,9.146
1538,-23.670797,133.864334,135,9.175
1538,-23.670807,133.864048,136,9.204
1538,-23.670853,133.863762,137,9.234
1538,-23.670926,133.863487,138,9.263
1538,-23.671044,133.863231,139,9.292
1538,-23.670002,133.862618,140,9.424
1538,-23.668691,133.864979,141,9.705
1538,-23.668346,133.865609,142,9.780
1538,-23.668218,133.865786,143,9.802
1538,-23.668073,133.865953,144,9.826
1538,-23.667909,133.866090,145,9.849
1538,-23.667882,133.866120,146,9.853
1538,-23.667300,133.866522,147,9.930
1538,-23.667508,133.866897,148,9.974
1538,-23.668549,133.868584,149,10.181
1538,-23.668802,133.868998,150,10.232
1538,-23.669028,133.869383,151,10.279
1538,-23.669055,133.869412,152,10.283
1538,-23.670114,133.870676,153,10.457
1538,-23.670929,133.871288,154,10.567
1538,-23.673819,133.873462,155,10.958
1538,-23.674010,133.873610,156,10.984
1538,-23.674245,133.873788,157,11.015
1538,-23.674499,133.873966,158,11.049
1538,-23.674825,133.874153,159,11.090
1538,-23.675233,133.874371,160,11.140
1538,-23.675469,133.874460,161,11.168
1538,-23.675877,133.874599,162,11.216
1538,-23.676357,133.874718,163,11.270
1538,-23.676856,133.874788,164,11.326
1538,-23.677355,133.874799,165,11.382
1538,-23.677854,133.874771,166,11.437
1538,-23.679714,133.874549,167,11.646
1538,-23.680930,133.874404,168,11.782
1538,-23.681366,133.874365,169,11.830
1538,-23.682019,133.874327,170,11.903
1538,-23.684895,133.874157,171,12.223
1538,-23.685839,133.874100,172,12.328
1538,-23.686392,133.874071,173,12.390
1538,-23.686837,133.874043,174,12.439
1538,-23.687671,133.874330,175,12.537
1538,-23.688097,133.874489,176,12.587
1538,-23.689003,133.875121,177,12.706
1538,-23.690144,133.876020,178,12.863
1538,-23.690353,133.876188,179,12.891
1538,-23.691811,133.877334,180,13.091
1538,-23.692201,133.877641,181,13.145
1538,-23.692481,133.877858,182,13.183
1538,-23.692735,133.878056,183,13.218
1538,-23.693468,133.879013,184,13.345
1538,-23.692796,133.879297,185,13.425
1538,-23.692388,133.879464,186,13.473
1538,-23.692342,133.879601,187,13.488
1538,-23.692260,133.879759,188,13.507
1538,-23.691896,133.880438,189,13.587
1538,-23.691823,133.880585,190,13.604
1538,-23.691631,133.881078,191,13.658
1538,-23.691819,133.882477,192,13.802
1538,-23.691202,133.882574,193,13.871
1538,-23.691148,133.882584,194,13.878
1538,-23.691115,133.880869,195,14.052
1538,-23.691025,133.880544,196,14.087
1538,-23.690998,133.880426,197,14.099
1538,-23.690917,133.880022,198,14.141
1538,-23.691307,133.879914,199,14.186
1538,-23.691543,133.879826,200,14.214
1538,-23.691961,133.879640,201,14.264
1538,-23.692061,133.879621,202,14.275
1538,-23.692260,133.879759,203,14.302
1538,-23.691896,133.880438,204,14.382
1538,-23.692260,133.879759,205,14.462
1538,-23.692342,133.879601,206,14.480
1538,-23.692388,133.879464,207,14.495
1538,-23.692796,133.879297,208,14.544
1538,-23.693468,133.879013,209,14.624
1538,-23.693586,133.879161,210,14.644
1538,-23.693712,133.879329,211,14.666
1538,-23.694184,133.879547,212,14.723
1538,-23.694583,133.879616,213,14.768
1538,-23.694991,133.879716,214,14.814
1538,-23.695018,133.879726,215,14.817
1538,-23.697034,133.878696,216,15.065
1538,-23.697515,133.878451,217,15.124
1538,-23.699095,133.877785,218,15.312
1538,-23.700593,133.877029,219,15.496
1538,-23.700702,133.876980,220,15.509
1538,-23.701102,133.876745,221,15.559
1538,-23.702273,133.876156,222,15.703
1538,-23.702863,133.876108,223,15.768
1538,-23.703441,133.877558,224,15.929
1538,-23.703450,133.877735,225,15.947
1538,-23.703458,133.878189,226,15.994
1538,-23.703855,133.879145,227,16.100
1538,-23.702030,133.880057,228,16.324
1538,-23.701476,133.880332,229,16.391
1538,-23.700359,133.880891,230,16.528
1538,-23.698634,133.881744,231,16.738
1538,-23.698634,133.881754,232,16.739
1538,-23.698379,133.881881,233,16.771
1538,-23.697811,133.880550,234,16.920
1538,-23.697251,133.879209,235,17.070
1538,-23.698767,133.878454,236,17.256
1538,-23.698767,133.878464,237,17.257
1587,-23.698867,133.878415,0,0.000
1587,-23.699239,133.878228,1,0.046
1587,-23.699799,133.879550,2,0.194
1587,-23.700359,133.880891,3,0.344
1587,-23.698634,133.881744,4,0.554
1587,-23.698379,133.881871,5,0.586
1587,-23.696364,133.882881,6,0.832
1587,-23.696933,133.884163,7,0.977
1587,-23.697231,133.884854,8,1.055
1587,-23.697212,133.885120,9,1.082
1587,-23.697525,133.887248,10,1.302
1587,-23.696894,133.890045,11,1.595
1587,-23.696032,133.889836,12,1.693
1587,-23.695951,133.889816,13,1.702
1587,-23.695026,133.889567,14,1.808
1587,-23.694101,133.889319,15,1.914
1587,-23.693149,133.889080,16,2.023
1587,-23.693030,133.889592,17,2.076
1587,-23.692829,133.890419,18,2.164
1587,-23.692656,133.890754,19,2.203
1587,-23.692010,133.891738,20,2.326
1587,-23.692290,133.891955,21,2.364
1587,-23.692444,133.892074,22,2.385
1587,-23.693006,133.892518,23,2.462
1587,-23.693205,133.892607,24,2.486
1587,-23.693450,133.892736,25,2.516
1587,-23.694956,133.892897,26,2.685
1587,-23.695554,133.892958,27,2.751
1587,-23.696198,133.893137,28,2.825
1587,-23.695878,133.894604,29,2.979
1587,-23.695868,133.894653,30,2.984
1587,-23.695940,133.895323,31,3.053
1587,-23.695530,133.896159,32,3.149
1587,-23.695484,133.896258,33,3.161
1587,-23.695083,133.897114,34,3.258
1587,-23.695065,133.897163,35,3.264
1587,-23.694856,133.897064,36,3.289
1587,-23.694512,133.897024,37,3.328
1587,-23.693986,133.897082,38,3.386
1587,-23.693677,133.897140,39,3.421
1587,-23.692706,133.897443,40,3.534
1587,-23.692706,133.897433,41,3.535
1587,-23.691471,133.897824,42,3.678
1587,-23.690709,133.898059,43,3.766
1587,-23.690789,133.898690,44,3.830
1587,-23.690779,133.899025,45,3.865
1587,-23.690326,133.899023,46,3.915
1587,-23.690162,133.899062,47,3.934
1587,-23.689844,133.899259,48,3.974
1587,-23.689236,133.899641,49,4.052
1587,-23.688963,133.899779,50,4.086
1587,-23.688673,133.899886,51,4.120
1587,-23.688373,133.899955,52,4.154
1587,-23.688128,133.899974,53,4.181
1587,-23.688065,133.899983,54,4.188
1587,-23.687901,133.900003,55,4.207
1587,-23.687683,133.900061,56,4.231
1587,-23.687465,133.900159,57,4.258
1587,-23.687275,133.900287,58,4.283
1587,-23.686839,133.900572,59,4.339
1587,-23.686430,133.900836,60,4.392
1587,-23.686176,133.901003,61,4.425
1587,-23.686048,133.901121,62,4.443
1587,-23.685957,133.901259,63,4.461
1587,-23.685893,133.901426,64,4.479
1587,-23.685857,133.901603,65,4.498
1587,-23.685865,133.901781,66,4.516
1587,-23.685874,133.901929,67,4.531
1587,-23.685900,133.902470,68,4.586
1587,-23.685982,133.902687,69,4.610
1587,-23.686099,133.902875,70,4.633
1587,-23.686208,133.902983,71,4.649
1587,-23.686325,133.903082,72,4.666
1587,-23.686407,133.903161,73,4.678
1587,-23.686679,133.903428,74,4.719
1587,-23.686932,133.903665,75,4.756
1587,-23.687294,133.903912,76,4.803
1587,-23.687575,133.904100,77,4.840
1587,-23.687982,133.904613,78,4.909
1587,-23.688792,133.903817,79,5.030
1587,-23.688982,133.903621,80,5.059
1587,-23.689183,133.903267,81,5.102
1587,-23.689201,133.903227,82,5.106
1587,-23.689319,133.903001,83,5.133
1587,-23.689483,133.902765,84,5.163
1587,-23.689683,133.902549,85,5.194
1587,-23.689910,133.902382,86,5.225
1587,-23.690165,133.902244,87,5.256
1587,-23.690428,133.902156,88,5.287
1587,-23.690700,133.902108,89,5.317
1587,-23.691009,133.902118,90,5.352
1587,-23.691317,133.902178,91,5.387
1587,-23.691607,133.902297,92,5.421
1587,-23.691870,133.902465,93,5.455
1587,-23.692105,133.902683,94,5.489
1587,-23.692504,133.903068,95,5.548
1587,-23.692594,133.903157,96,5.562
1587,-23.692721,133.903265,97,5.580
1587,-23.692947,133.903423,98,5.610
1587,-23.693673,133.903672,99,5.694
1587,-23.693801,133.903041,100,5.760
1587,-23.694021,133.901939,101,5.875
1587,-23.694601,133.902088,102,5.941
1587,-23.694864,133.902147,103,5.971
1587,-23.695308,133.902257,104,6.022
1587,-23.695381,133.902277,105,6.030
1587,-23.695689,133.902347,106,6.065
1587,-23.696968,133.902655,107,6.211
1587,-23.697276,133.902705,108,6.245
1587,-23.697594,133.902696,109,6.281
1587,-23.697848,133.902647,110,6.309
1587,-23.698102,133.902559,111,6.339
1587,-23.698665,133.902285,112,6.407
1587,-23.699491,133.901893,113,6.508
1587,-23.699755,133.901716,114,6.542
1587,-23.699955,133.901549,115,6.570
1587,-23.700128,133.901352,116,6.598
1587,-23.700282,133.901136,117,6.626
1587,-23.700337,133.901018,118,6.639
1587,-23.700865,133.900073,119,6.752
1587,-23.701020,133.899798,120,6.785
1587,-23.701621,133.898716,121,6.914
1587,-23.701793,133.898529,122,6.941
1587,-23.701984,133.898372,123,6.967
1587,-23.702193,133.898254,124,6.993
1587,-23.702420,133.898186,125,7.019
1587,-23.702665,133.898147,126,7.047
1587,-23.703164,133.898227,127,7.103
1587,-23.703953,133.898337,128,7.192
1587,-23.704156,133.896889,129,7.341
1587,-23.704266,133.896072,130,7.425
1587,-23.704690,133.892861,131,7.755
1587,-23.704699,133.892822,132,7.759
1587,-23.704755,133.892260,133,7.817
1587,-23.704764,133.891916,134,7.852
1587,-23.704765,133.891699,135,7.874
1587,-23.704739,133.891137,136,7.931
1587,-23.704667,133.890585,137,7.988
1587,-23.704550,133.890033,138,8.046
1587,-23.704443,133.889511,139,8.100
1587,-23.704280,133.888998,140,8.155
1587,-23.704082,133.888515,141,8.209
1587,-23.703829,133.888041,142,8.265
1587,-23.703756,133.887933,143,8.279
1587,-23.703657,133.887854,144,8.292
1587,-23.703530,133.887834,145,8.307
1587,-23.703403,133.887863,146,8.321
1587,-23.703303,133.887942,147,8.335
1587,-23.703406,133.886178,148,8.515
1587,-23.703345,133.885035,149,8.631
1587,-23.703111,133.883734,150,8.766
1587,-23.703041,133.882838,151,8.858
1587,-23.702581,133.881329,152,9.020
1587,-23.702030,133.880057,153,9.163
1587,-23.701476,133.880332,154,9.231
1587,-23.700359,133.880891,155,9.367
1587,-23.698634,133.881744,156,9.578
1587,-23.698634,133.881754,157,9.579
1587,-23.698379,133.881881,158,9.610
1587,-23.697811,133.880550,159,9.759
1587,-23.697251,133.879209,160,9.910
1587,-23.698767,133.878454,161,10.095
1587,-23.698767,133.878464,162,10.096
1764,-23.698867,133.878415,0,0.000
1764,-23.699239,133.878228,1,0.046
1764,-23.699799,133.879550,2,0.194
1764,-23.700079,133.880220,3,0.269
1764,-23.700359,133.880891,4,0.344
1764,-23.698634,133.881744,5,0.554
1764,-23.698379,133.881871,6,0.586
1764,-23.697811,133.880550,7,0.734
1764,-23.697251,133.879219,8,0.883
1764,-23.697034,133.878696,9,0.942
1764,-23.697515,133.878451,10,1.001
1764,-23.699095,133.877785,11,1.189
1764,-23.699894,133.877382,12,1.287
1764,-23.700593,133.877029,13,1.373
1764,-23.700702,133.876980,14,1.386
1764,-23.701102,133.876745,15,1.436
1764,-23.702273,133.876156,16,1.580
1764,-23.702863,133.876108,17,1.645
1764,-23.703441,133.877558,18,1.806
1764,-23.703450,133.877735,19,1.824
1764,-23.703458,133.878189,20,1.871
1764,-23.703855,133.879145,21,1.977
1764,-23.704388,133.880427,22,2.121
1764,-23.704742,133.880182,23,2.167
1764,-23.705487,133.879651,24,2.266
1764,-23.706296,133.879082,25,2.373
1764,-23.707031,133.878680,26,2.465
1764,-23.708003,133.878150,27,2.586
1764,-23.708666,133.877797,28,2.668
1764,-23.708693,133.877787,29,2.671
1764,-23.709601,133.877286,30,2.784
1764,-23.709737,133.877218,31,2.800
1764,-23.711318,133.876354,32,2.997
1764,-23.712535,133.875421,33,3.162
1764,-23.713262,133.874861,34,3.261
1764,-23.713580,133.874616,35,3.305
1764,-23.713816,133.874439,36,3.336
1764,-23.713843,133.874419,37,3.340
1764,-23.714079,133.874232,38,3.372
1764,-23.715697,133.872995,39,3.592
1764,-23.715996,133.872769,40,3.632
1764,-23.716932,133.872061,41,3.759
1764,-23.717323,133.871757,42,3.812
1764,-23.717623,133.871521,43,3.853
1764,-23.717850,133.871354,44,3.884
1764,-23.718277,133.871030,45,3.942
1764,-23.718495,133.870853,46,3.972
1764,-23.718613,133.870765,47,3.988
1764,-23.719103,133.870391,48,4.054
1764,-23.719376,133.870185,49,4.091
1764,-23.720157,133.869586,50,4.197
1764,-23.720784,133.869114,51,4.282
1764,-23.721456,133.868593,52,4.374
1764,-23.721493,133.868564,53,4.379
1764,-23.721802,133.868328,54,4.421
1764,-23.722301,133.867945,55,4.488
1764,-23.722683,133.867660,56,4.540
1764,-23.723992,133.866126,57,4.753
1764,-23.725462,133.865715,58,4.922
1764,-23.725943,133.865608,59,4.977
1764,-23.726833,133.865196,60,5.084
1764,-23.728186,133.864371,61,5.256
1764,-23.729145,133.865714,62,5.430
1764,-23.729716,133.866424,63,5.526
1764,-23.730132,133.866957,64,5.597
1764,-23.732154,133.867543,65,5.830
1764,-23.733359,133.867891,66,5.968
1764,-23.736451,133.868794,67,6.324
1764,-23.736615,133.868598,68,6.351
1764,-23.738569,133.866345,69,6.667
1764,-23.738660,133.866405,70,6.679
1764,-23.742012,133.868639,71,7.116
1764,-23.743797,133.869826,72,7.348
1764,-23.745835,133.871318,73,7.621
1764,-23.746479,133.871615,74,7.698
1764,-23.747449,133.871578,75,7.806
1764,-23.749463,133.871524,76,8.030
1764,-23.749539,133.874421,77,8.325
1764,-23.749494,133.874431,78,8.331
1764,-23.749476,133.874441,79,8.333
1764,-23.749448,133.874470,80,8.337
1764,-23.749421,133.874500,81,8.341
1764,-23.749412,133.874529,82,8.345
1764,-23.749403,133.874559,83,8.348
1764,-23.749403,133.874598,84,8.352
1764,-23.749403,133.874628,85,8.355
1764,-23.749412,133.874667,86,8.359
1764,-23.749421,133.874707,87,8.363
1764,-23.749448,133.874726,88,8.367
1764,-23.749475,133.874746,89,8.370
1764,-23.749493,133.874776,90,8.374
1764,-23.749529,133.874786,91,8.378
1764,-23.749548,133.874786,92,8.380
1764,-23.749584,133.874776,93,8.384
1764,-23.749620,133.874756,94,8.389
1764,-23.749638,133.874737,95,8.392
1764,-23.749657,133.874707,96,8.395
1764,-23.749684,133.874678,97,8.399
1764,-23.749693,133.874648,98,8.403
1764,-23.749693,133.874609,99,8.407
1764,-23.749693,133.874589,100,8.409
1764,-23.749693,133.874569,101,8.411
1764,-23.749684,133.874540,102,8.414
1764,-23.749657,133.874500,103,8.419
1764,-23.749639,133.874480,104,8.422
1764,-23.749621,133.874451,105,8.425
1764,-23.749585,133.874431,106,8.430
1764,-23.749539,133.874421,107,8.435
1764,-23.749531,133.873938,108,8.484
1764,-23.749463,133.871524,109,8.730
1764,-23.756038,133.872356,110,9.466
1764,-23.756782,133.872447,111,9.549
1764,-23.758169,133.872637,112,9.705
1764,-23.758631,133.873298,113,9.789
1764,-23.761496,133.873689,114,10.110
1764,-23.761533,133.873680,115,10.114
1764,-23.761587,133.873670,116,10.121
1764,-23.761632,133.873640,117,10.126
1764,-23.761678,133.873601,118,10.133
1764,-23.761714,133.873552,119,10.139
1764,-23.761732,133.873503,120,10.145
1764,-23.761742,133.873483,121,10.147
1764,-23.761751,133.873453,122,10.150
1764,-23.761760,133.873394,123,10.156
1764,-23.761751,133.873335,124,10.162
1764,-23.761733,133.873276,125,10.169
1764,-23.761715,133.873227,126,10.174
1764,-23.761679,133.873187,127,10.180
1764,-23.761633,133.873148,128,10.186
1764,-23.761579,133.873118,129,10.193
1764,-23.760699,133.872998,130,10.292
1764,-23.758169,133.872637,131,10.575
1764,-23.756782,133.872447,132,10.731
1764,-23.756174,133.872367,133,10.799
1764,-23.749463,133.871524,134,11.550
1764,-23.747449,133.871578,135,11.774
1764,-23.746479,133.871615,136,11.882
1764,-23.745835,133.871318,137,11.960
1764,-23.743797,133.869826,138,12.232
1764,-23.744652,133.868675,139,12.383
1764,-23.742966,133.867626,140,12.599
1764,-23.735872,133.863206,141,13.507
1764,-23.735283,133.862840,142,13.582
1764,-23.734531,133.862484,143,13.674
1764,-23.733615,133.862166,144,13.780
1764,-23.732164,133.861986,145,13.943
1764,-23.732091,133.862439,146,13.990
1764,-23.732026,133.862843,147,14.031
1764,-23.731927,133.862813,148,14.043
1764,-23.730774,133.863047,149,14.173
1764,-23.729530,133.863557,150,14.321
1764,-23.728186,133.864371,151,14.492
1764,-23.726833,133.865196,152,14.664
1764,-23.725943,133.865608,153,14.772
1764,-23.725462,133.865715,154,14.826
1764,-23.723992,133.866126,155,14.995
1764,-23.721804,133.867008,156,15.254
1764,-23.721759,133.867057,157,15.261
1764,-23.721695,133.867136,158,15.272
1764,-23.721649,133.867234,159,15.283
1764,-23.721613,133.867333,160,15.294
1764,-23.721604,133.867441,161,15.305
1764,-23.721613,133.867549,162,15.316
1764,-23.721649,133.867648,163,15.327
1764,-23.721676,133.867707,164,15.334
1764,-23.721694,133.867737,165,15.337
1764,-23.721766,133.867865,166,15.353
1764,-23.721802,133.868023,167,15.369
1764,-23.721811,133.868180,168,15.385
1764,-23.721811,133.868240,169,15.391
1764,-23.721802,133.868328,170,15.400
1764,-23.721493,133.868564,171,15.442
1764,-23.721456,133.868593,172,15.447
1764,-23.720784,133.869114,173,15.539
1764,-23.720157,133.869586,174,15.624
1764,-23.719376,133.870185,175,15.730
1764,-23.719103,133.870391,176,15.767
1764,-23.718613,133.870765,177,15.833
1764,-23.718277,133.871030,178,15.879
1764,-23.717850,133.871354,179,15.937
1764,-23.717623,133.871521,180,15.967
1764,-23.717386,133.871708,181,16.000
1764,-23.716932,133.872061,182,16.062
1764,-23.715996,133.872769,183,16.188
1764,-23.715660,133.873024,184,16.234
1764,-23.714079,133.874232,185,16.449
1764,-23.713843,133.874419,186,16.481
1764,-23.713816,133.874439,187,16.485
1764,-23.713425,133.874733,188,16.537
1764,-23.713262,133.874861,189,16.560
1764,-23.712535,133.875421,190,16.659
1764,-23.711318,133.876354,191,16.824
1764,-23.709919,133.877120,192,16.998
1764,-23.709601,133.877286,193,17.037
1764,-23.708693,133.877787,194,17.150
1764,-23.708666,133.877797,195,17.153
1764,-23.707858,133.878228,196,17.253
1764,-23.707031,133.878680,197,17.356
1764,-23.706296,133.879082,198,17.448
1764,-23.705487,133.879651,199,17.555
1764,-23.704388,133.880427,200,17.700
1764,-23.703936,133.879342,201,17.821
1764,-23.703855,133.879145,202,17.843
1764,-23.702030,133.880057,203,18.067
1764,-23.701476,133.880332,204,18.134
1764,-23.700359,133.880891,205,18.271
1764,-23.698634,133.881744,206,18.481
1764,-23.698379,133.881871,207,18.513
1764,-23.697811,133.880550,208,18.661
1764,-23.697251,133.879219,209,18.810
1764,-23.698767,133.878464,210,18.996
1981,-23.698867,133.878415,0,0.000
1981,-23.699239,133.878228,1,0.046
1981,-23.699799,133.879550,2,0.194
1981,-23.700359,133.880891,3,0.344
1981,-23.698634,133.881744,4,0.554
1981,-23.698379,133.881871,5,0.586
1981,-23.697811,133.880550,6,0.734
1981,-23.697251,133.879219,7,0.883
1981,-23.697034,133.878696,8,0.942
1981,-23.697515,133.878451,9,1.001
1981,-23.699095,133.877785,10,1.189
1981,-23.699894,133.877382,11,1.287
1981,-23.700593,133.877029,12,1.373
1981,-23.700702,133.876980,13,1.386
1981,-23.701102,133.876745,14,1.436
1981,-23.702273,133.876156,15,1.580
1981,-23.702863,133.876108,16,1.645
1981,-23.703441,133.877558,17,1.806
1981,-23.703450,133.877735,18,1.824
1981,-23.703458,133.878189,19,1.871
1981,-23.703855,133.879145,20,1.977
1981,-23.704388,133.880427,21,2.121
1981,-23.704742,133.880182,22,2.167
1981,-23.705487,133.879651,23,2.266
1981,-23.706296,133.879082,24,2.373
1981,-23.707031,133.878680,25,2.465
1981,-23.708003,133.878150,26,2.586
1981,-23.708666,133.877797,27,2.668
1981,-23.708693,133.877787,28,2.671
1981,-23.709601,133.877286,29,2.784
1981,-23.709737,133.877218,30,2.800
1981,-23.711318,133.876354,31,2.997
1981,-23.712535,133.875421,32,3.162
1981,-23.713262,133.874861,33,3.261
1981,-23.713580,133.874616,34,3.305
1981,-23.713816,133.874439,35,3.336
1981,-23.713843,133.874419,36,3.340
1981,-23.714079,133.874232,37,3.372
1981,-23.715697,133.872995,38,3.592
1981,-23.715996,133.872769,39,3.632
1981,-23.716932,133.872061,40,3.759
1981,-23.717323,133.871757,41,3.812
1981,-23.717623,133.871521,42,3.853
1981,-23.717850,133.871354,43,3.884
1981,-23.718277,133.871030,44,3.942
1981,-23.718495,133.870853,45,3.972
1981,-23.718613,133.870765,46,3.988
1981,-23.719103,133.870391,47,4.054
1981,-23.719376,133.870185,48,4.091
1981,-23.720157,133.869586,49,4.197
1981,-23.720784,133.869114,50,4.282
1981,-23.721456,133.868593,51,4.374
1981,-23.721493,133.868564,52,4.379
1981,-23.721802,133.868328,53,4.421
1981,-23.722301,133.867945,54,4.488
1981,-23.722683,133.867660,55,4.540
1981,-23.723992,133.866126,56,4.753
1981,-23.725462,133.865715,57,4.922
1981,-23.725943,133.865608,58,4.977
1981,-23.726833,133.865196,59,5.084
1981,-23.728186,133.864371,60,5.256
1981,-23.729145,133.865714,61,5.430
1981,-23.729716,133.866424,62,5.526
1981,-23.730132,133.866957,63,5.597
1981,-23.732154,133.867543,64,5.830
1981,-23.733359,133.867891,65,5.968
1981,-23.736451,133.868794,66,6.324
1981,-23.736615,133.868598,67,6.351
1981,-23.738569,133.866345,68,6.667
1981,-23.738660,133.866405,69,6.679
1981,-23.742012,133.868639,70,7.116
1981,-23.743797,133.869826,71,7.348
1981,-23.745835,133.871318,72,7.621
1981,-23.746479,133.871615,73,7.698
1981,-23.747449,133.871578,74,7.806
1981,-23.749463,133.871524,75,8.030
1981,-23.749539,133.874421,76,8.325
1981,-23.749494,133.874431,77,8.331
1981,-23.749476,133.874441,78,8.333
1981,-23.749448,133.874470,79,8.337
1981,-23.749421,133.874500,80,8.341
1981,-23.749412,133.874529,81,8.345
1981,-23.749403,133.874559,82,8.348
1981,-23.749403,133.874598,83,8.352
1981,-23.749403,133.874628,84,8.355
1981,-23.749412,133.874667,85,8.359
1981,-23.749421,133.874707,86,8.363
1981,-23.749448,133.874726,87,8.367
1981,-23.749475,133.874746,88,8.370
1981,-23.749493,133.874776,89,8.374
1981,-23.749529,133.874786,90,8.378
1981,-23.749548,133.874786,91,8.380
1981,-23.749584,133.874776,92,8.384
1981,-23.749620,133.874756,93,8.389
1981,-23.749638,133.874737,94,8.392
1981,-23.749657,133.874707,95,8.395
1981,-23.749684,133.874678,96,8.399
1981,-23.749693,133.874648,97,8.403
1981,-23.749693,133.874609,98,8.407
1981,-23.749693,133.874589,99,8.409
1981,-23.749693,133.874569,100,8.411
1981,-23.749684,133.874540,101,8.414
1981,-23.749657,133.874500,102,8.419
1981,-23.749639,133.874480,103,8.422
1981,-23.749621,133.874451,104,8.425
1981,-23.749585,133.874431,105,8.430
1981,-23.749539,133.874421,106,8.435
1981,-23.749531,133.873938,107,8.484
1981,-23.749463,133.871524,108,8.730
1981,-23.756038,133.872356,109,9.466
1981,-23.756056,133.872356,110,9.468
1981,-23.756782,133.872447,111,9.549
1981,-23.758169,133.872637,112,9.705
1981,-23.761579,133.873118,113,10.087
1981,-23.763474,133.873378,114,10.299
1981,-23.763982,133.873468,115,10.356
1981,-23.766920,133.873997,116,10.688
1981,-23.771200,133.874786,117,11.170
1981,-23.773095,133.875135,118,11.384
1981,-23.773380,133.873243,119,11.579
1981,-23.773545,133.872159,120,11.691
1981,-23.775112,133.868555,121,12.097
1981,-23.775103,133.868536,122,12.099
1981,-23.775004,133.868348,123,12.121
1981,-23.775603,133.868014,124,12.196
1981,-23.777399,133.868275,125,12.397
1981,-23.777553,133.868295,126,12.414
1981,-23.777552,133.868512,127,12.437
1981,-23.777960,133.868562,128,12.482
1981,-23.777970,133.868375,129,12.501
1981,-23.777960,133.868562,130,12.520
1981,-23.777552,133.868512,131,12.566
1981,-23.777553,133.868295,132,12.588
1981,-23.777399,133.868275,133,12.605
1981,-23.777544,133.868295,134,12.622
1981,-23.777970,133.868375,135,12.670
1981,-23.777970,133.868404,136,12.673
1981,-23.777960,133.868562,137,12.689
1981,-23.777552,133.868512,138,12.734
1981,-23.777553,133.868295,139,12.756
1981,-23.776900,133.868205,140,12.830
1981,-23.775603,133.868014,141,12.975
1981,-23.775004,133.868348,142,13.050
1981,-23.775103,133.868536,143,13.072
1981,-23.775112,133.868555,144,13.074
1981,-23.773545,133.872159,145,13.480
1981,-23.773389,133.873174,146,13.585
1981,-23.773380,133.873243,147,13.592
1981,-23.773095,133.875135,148,13.787
1981,-23.771200,133.874786,149,14.001
1981,-23.766920,133.873997,150,14.483
1981,-23.765134,133.873678,151,14.685
1981,-23.763982,133.873468,152,14.814
1981,-23.763474,133.873378,153,14.872
1981,-23.761579,133.873118,154,15.084
1981,-23.760699,133.872998,155,15.183
1981,-23.758169,133.872637,156,15.466
1981,-23.756782,133.872447,157,15.622
1981,-23.756174,133.872367,158,15.690
1981,-23.749463,133.871524,159,16.441
1981,-23.747449,133.871578,160,16.665
1981,-23.746479,133.871615,161,16.773
1981,-23.745835,133.871318,162,16.851
1981,-23.743797,133.869826,163,17.123
1981,-23.744652,133.868675,164,17.274
1981,-23.742966,133.867626,165,17.490
1981,-23.735872,133.863206,166,18.398
1981,-23.735283,133.862840,167,18.473
1981,-23.734531,133.862484,168,18.565
1981,-23.733615,133.862166,169,18.671
1981,-23.732164,133.861986,170,18.834
1981,-23.732091,133.862439,171,18.881
1981,-23.732026,133.862843,172,18.922
1981,-23.731927,133.862813,173,18.934
1981,-23.730774,133.863047,174,19.064
1981,-23.729530,133.863557,175,19.212
1981,-23.728186,133.864371,176,19.383
1981,-23.726833,133.865196,177,19.555
1981,-23.725943,133.865608,178,19.663
1981,-23.725462,133.865715,179,19.717
1981,-23.723992,133.866126,180,19.886
1981,-23.721804,133.867008,181,20.145
1981,-23.721759,133.867057,182,20.152
1981,-23.721695,133.867136,183,20.163
1981,-23.721649,133.867234,184,20.174
1981,-23.721613,133.867333,185,20.185
1981,-23.721604,133.867441,186,20.196
1981,-23.721613,133.867549,187,20.207
1981,-23.721649,133.867648,188,20.218
1981,-23.721676,133.867707,189,20.225
1981,-23.721694,133.867737,190,20.228
1981,-23.721766,133.867865,191,20.244
1981,-23.721802,133.868023,192,20.260
1981,-23.721811,133.868180,193,20.276
1981,-23.721811,133.868240,194,20.282
1981,-23.721802,133.868328,195,20.291
1981,-23.721493,133.868564,196,20.333
1981,-23.721456,133.868593,197,20.338
1981,-23.720784,133.869114,198,20.430
1981,-23.720157,133.869586,199,20.515
1981,-23.719376,133.870185,200,20.621
1981,-23.719103,133.870391,201,20.658
1981,-23.718613,133.870765,202,20.724
1981,-23.718277,133.871030,203,20.770
1981,-23.717850,133.871354,204,20.828
1981,-23.717623,133.871521,205,20.859
1981,-23.717386,133.871708,206,20.891
1981,-23.716932,133.872061,207,20.953
1981,-23.715996,133.872769,208,21.079
1981,-23.715660,133.873024,209,21.125
1981,-23.714079,133.874232,210,21.340
1981,-23.713843,133.874419,211,21.372
1981,-23.713816,133.874439,212,21.376
1981,-23.713425,133.874733,213,21.428
1981,-23.713262,133.874861,214,21.451
1981,-23.712535,133.875421,215,21.550
1981,-23.711318,133.876354,216,21.715
1981,-23.709919,133.877120,217,21.889
1981,-23.709601,133.877286,218,21.928
1981,-23.708693,133.877787,219,22.041
1981,-23.708666,133.877797,220,22.044
1981,-23.707858,133.878228,221,22.144
1981,-23.707031,133.878680,222,22.247
1981,-23.706296,133.879082,223,22.339
1981,-23.705487,133.879651,224,22.446
1981,-23.704388,133.880427,225,22.591
1981,-23.703936,133.879342,226,22.712
1981,-23.703855,133.879145,227,22.734
1981,-23.702030,133.880057,228,22.958
1981,-23.701476,133.880332,229,23.025
1981,-23.700359,133.880891,230,23.162
1981,-23.698634,133.881744,231,23.373
1981,-23.698379,133.881871,232,23.404
1981,-23.697811,133.880550,233,23.552
1981,-23.697251,133.879219,234,23.701
1981,-23.698767,133.878464,235,23.887
2094,-23.698867,133.878415,0,0.000
2094,-23.699239,133.878228,1,0.046
2094,-23.699799,133.879550,2,0.194
2094,-23.700359,133.880891,3,0.344
2094,-23.698634,133.881744,4,0.554
2094,-23.698379,133.881871,5,0.586
2094,-23.697811,133.880550,6,0.734
2094,-23.697251,133.879219,7,0.883
2094,-23.697034,133.878696,8,0.942
2094,-23.697515,133.878451,9,1.001
2094,-23.699095,133.877785,10,1.189
2094,-23.700593,133.877029,11,1.373
2094,-23.700702,133.876980,12,1.386
2094,-23.701093,133.876745,13,1.435
2094,-23.701102,133.876745,14,1.436
2094,-23.702273,133.876156,15,1.580
2094,-23.702863,133.876108,16,1.645
2094,-23.704697,133.875561,17,1.857
2094,-23.706050,133.874884,18,2.022
2094,-23.705154,133.873582,19,2.188
2094,-23.705945,133.872914,20,2.299
2094,-23.706444,133.872668,21,2.360
2094,-23.706038,133.871712,22,2.467
2094,-23.705902,133.871396,23,2.503
2094,-23.705812,133.871189,24,2.526
2094,-23.705685,133.870893,25,2.560
2094,-23.705686,133.870647,26,2.585
2094,-23.705679,133.869297,27,2.722
2094,-23.705672,133.868539,28,2.799
2094,-23.705665,133.867524,29,2.903
2094,-23.706381,133.867525,30,2.982
2094,-23.706653,133.867526,31,3.013
2094,-23.707189,133.867527,32,3.072
2094,-23.709212,133.867522,33,3.297
2094,-23.709511,133.867562,34,3.331
2094,-23.709792,133.867651,35,3.363
2094,-23.710046,133.867800,36,3.395
2094,-23.710290,133.867987,37,3.428
2094,-23.710489,133.868214,38,3.460
2094,-23.710661,133.868481,39,3.494
2094,-23.710724,133.868648,40,3.512
2094,-23.710986,133.869289,41,3.583
2094,-23.711366,133.870216,42,3.687
2094,-23.712101,133.869863,43,3.776
2094,-23.713472,133.869216,44,3.942
2094,-23.713120,133.868397,45,4.034
2094,-23.712795,133.867638,46,4.120
2094,-23.712488,133.866908,47,4.201
2094,-23.712325,133.866524,48,4.245
2094,-23.711765,133.865192,49,4.394
2094,-23.711566,133.864877,50,4.433
2094,-23.711340,133.864590,51,4.471
2094,-23.711077,133.864344,52,4.510
2094,-23.710778,133.864136,53,4.549
2094,-23.710461,133.863978,54,4.588
2094,-23.710234,133.863908,55,4.614
2094,-23.710317,133.863554,56,4.651
2094,-23.710381,133.863298,57,4.678
2094,-23.710545,133.862628,58,4.749
2094,-23.710755,133.861781,59,4.838
2094,-23.710874,133.861309,60,4.888
2094,-23.710902,133.860974,61,4.922
2094,-23.710885,133.860639,62,4.956
2094,-23.710822,133.860313,63,4.990
2094,-23.710786,133.860195,64,5.003
2094,-23.710723,133.859998,65,5.024
2094,-23.710587,133.859692,66,5.059
2094,-23.710469,133.859505,67,5.082
2094,-23.710343,133.859327,68,5.105
2094,-23.708457,133.858555,69,5.329
2094,-23.708040,133.858386,70,5.378
2094,-23.707786,133.858277,71,5.409
2094,-23.707669,133.858267,72,5.422
2094,-23.707595,133.858947,73,5.491
2094,-23.707512,133.859725,74,5.571
2094,-23.707764,133.860494,75,5.654
2094,-23.708026,133.861253,76,5.737
2094,-23.707472,133.861459,77,5.802
2094,-23.706393,133.861466,78,5.922
2094,-23.705993,133.861475,79,5.966
2094,-23.705222,133.861483,80,6.052
2094,-23.705230,133.862331,81,6.138
2094,-23.705237,133.863405,82,6.248
2094,-23.705245,133.863927,83,6.301
2094,-23.705243,133.864823,84,6.392
2094,-23.704835,133.864822,85,6.438
2094,-23.703302,133.864868,86,6.608
2094,-23.701723,133.864914,87,6.784
2094,-23.701469,133.864923,88,6.812
2094,-23.700308,133.864931,89,6.941
2094,-23.700299,133.864812,90,6.953
2094,-23.700256,133.863571,91,7.080
2094,-23.700302,133.863384,92,7.099
2094,-23.700960,133.860499,93,7.402
2094,-23.701161,133.860095,94,7.449
2094,-23.701279,133.859869,95,7.475
2094,-23.703797,133.857027,96,7.878
2094,-23.704579,133.855955,97,8.018
2094,-23.704743,133.855551,98,8.063
2094,-23.704862,133.855128,99,8.108
2094,-23.704900,133.854222,100,8.200
2094,-23.704837,133.853788,101,8.245
2094,-23.704793,133.853276,102,8.297
2094,-23.704648,133.852960,103,8.333
2094,-23.704413,133.852437,104,8.392
2094,-23.703961,133.851776,105,8.476
2094,-23.703020,133.850444,106,8.648
2094,-23.702386,133.849537,107,8.764
2094,-23.700513,133.846863,108,9.107
2094,-23.700043,133.846182,109,9.193
2094,-23.698342,133.843637,110,9.514
2094,-23.697862,133.842907,111,9.606
2094,-23.697557,133.841162,112,9.786
2094,-23.697476,133.840729,113,9.832
2094,-23.697494,133.840660,114,9.839
2094,-23.698582,133.836101,115,10.318
2094,-23.698729,133.834633,116,10.469
2094,-23.698794,133.834042,117,10.529
2094,-23.698768,133.833037,118,10.632
2094,-23.698260,133.833056,119,10.688
2094,-23.697916,133.833075,120,10.727
2094,-23.697353,133.833093,121,10.789
2094,-23.697153,133.833103,122,10.811
2094,-23.696954,133.833063,123,10.834
2094,-23.696764,133.833004,124,10.856
2094,-23.696591,133.832905,125,10.878
2094,-23.696428,133.832786,126,10.899
2094,-23.696283,133.832638,127,10.922
2094,-23.695921,133.832224,128,10.980
2094,-23.695521,133.832627,129,11.040
2094,-23.695349,133.832804,130,11.067
2094,-23.694213,133.833944,131,11.238
2094,-23.694076,133.834102,132,11.260
2094,-23.693976,133.834279,133,11.282
2094,-23.693912,133.834476,134,11.303
2094,-23.693876,133.834673,135,11.323
2094,-23.693876,133.834810,136,11.337
2094,-23.693875,133.834879,137,11.344
2094,-23.693884,133.835185,138,11.375
2094,-23.693893,133.835510,139,11.409
2094,-23.693736,133.836958,140,11.557
2094,-23.693672,133.837243,141,11.587
2094,-23.693562,133.837746,142,11.639
2094,-23.693480,133.838120,143,11.679
2094,-23.693398,133.838455,144,11.714
2094,-23.693370,133.838661,145,11.735
2094,-23.693351,133.838858,146,11.755
2094,-23.693360,133.839174,147,11.787
2094,-23.693405,133.839499,148,11.821
2094,-23.693495,133.839804,149,11.854
2094,-23.693640,133.840051,150,11.883
2094,-23.693947,133.840564,151,11.946
2094,-23.694083,133.840712,152,11.967
2094,-23.694174,133.840791,153,11.980
2094,-23.694228,133.840840,154,11.988
2094,-23.694400,133.840929,155,12.009
2094,-23.694618,133.840979,156,12.034
2094,-23.694836,133.840979,157,12.058
2094,-23.694999,133.840950,158,12.077
2094,-23.695162,133.840901,159,12.095
2094,-23.695789,133.840676,160,12.169
2094,-23.696079,133.840568,161,12.203
2094,-23.696379,133.840480,162,12.237
2094,-23.696678,133.840451,163,12.271
2094,-23.696742,133.840461,164,12.278
2094,-23.696977,133.840491,165,12.304
2094,-23.697494,133.840660,166,12.364
2094,-23.697476,133.840729,167,12.372
2094,-23.697557,133.841162,168,12.417
2094,-23.697862,133.842907,169,12.597
2094,-23.698342,133.843637,170,12.689
2094,-23.700043,133.846182,171,13.010
2094,-23.700477,133.846804,172,13.089
2094,-23.702386,133.849537,173,13.439
2094,-23.703056,133.850484,174,13.561
2094,-23.703961,133.851776,175,13.727
2094,-23.704413,133.852437,176,13.811
2094,-23.704793,133.853276,177,13.906
2094,-23.704837,133.853739,178,13.953
2094,-23.704837,133.853788,179,13.958
2094,-23.704900,133.854222,180,14.003
2094,-23.704862,133.855128,181,14.095
2094,-23.704743,133.855551,182,14.141
2094,-23.704579,133.855955,183,14.185
2094,-23.703797,133.857027,184,14.325
2094,-23.701279,133.859869,185,14.728
2094,-23.701161,133.860095,186,14.754
2094,-23.700960,133.860499,187,14.801
2094,-23.700823,133.861090,188,14.863
2094,-23.700302,133.863384,189,15.104
2094,-23.700256,133.863571,190,15.123
2094,-23.700299,133.864812,191,15.250
2094,-23.700308,133.864931,192,15.262
2094,-23.700415,133.865965,193,15.368
2094,-23.700540,133.867227,194,15.497
2094,-23.700620,133.868005,195,15.577
2094,-23.700873,133.868626,196,15.646
2094,-23.701613,133.870411,197,15.846
2094,-23.701629,133.871308,198,15.937
2094,-23.701638,133.871643,199,15.971
2094,-23.701646,133.872017,200,16.009
2094,-23.701680,133.873534,201,16.164
2094,-23.701697,133.874204,202,16.232
2094,-23.701713,133.875219,203,16.335
2094,-23.701504,133.875504,204,16.372
2094,-23.701185,133.875996,205,16.434
2094,-23.701102,133.876745,206,16.511
2094,-23.702273,133.876156,207,16.654
2094,-23.702863,133.876108,208,16.720
2094,-23.703441,133.877558,209,16.881
2094,-23.703450,133.877735,210,16.899
2094,-23.703458,133.878189,211,16.945
2094,-23.703855,133.879145,212,17.052
2094,-23.702030,133.880057,213,17.275
2094,-23.701476,133.880332,214,17.343
2094,-23.700359,133.880891,215,17.479
2094,-23.698634,133.881744,216,17.690
2094,-23.698634,133.881754,217,17.691
2094,-23.698379,133.881881,218,17.722
2094,-23.697811,133.880550,219,17.871
2094,-23.697251,133.879209,220,18.022
2094,-23.698767,133.878454,221,18.207
2094,-23.698767,133.878464,222,18.208
2223,-23.698867,133.878415,0,0.000
2223,-23.699239,133.878228,1,0.046
2223,-23.699799,133.879550,2,0.194
2223,-23.700359,133.880891,3,0.344
2223,-23.698634,133.881744,4,0.554
2223,-23.698379,133.881871,5,0.586
2223,-23.697811,133.880550,6,0.734
2223,-23.697251,133.879219,7,0.883
2223,-23.697034,133.878696,8,0.942
2223,-23.697515,133.878451,9,1.001
2223,-23.699095,133.877785,10,1.189
2223,-23.700593,133.877029,11,1.373
2223,-23.700702,133.876980,12,1.386
2223,-23.701093,133.876745,13,1.435
2223,-23.701102,133.876745,14,1.436
2223,-23.702273,133.876156,15,1.580
2223,-23.702863,133.876108,16,1.645
2223,-23.704697,133.875561,17,1.857
2223,-23.706050,133.874884,18,2.022
2223,-23.705154,133.873582,19,2.188
2223,-23.705945,133.872914,20,2.299
2223,-23.706444,133.872668,21,2.360
2223,-23.706038,133.871712,22,2.467
2223,-23.705902,133.871396,23,2.503
2223,-23.705812,133.871189,24,2.526
2223,-23.705685,133.870893,25,2.560
2223,-23.705686,133.870647,26,2.585
2223,-23.705679,133.869297,27,2.722
2223,-23.705672,133.868539,28,2.799
2223,-23.705665,133.867524,29,2.903
2223,-23.706381,133.867525,30,2.982
2223,-23.706653,133.867526,31,3.013
2223,-23.707189,133.867527,32,3.072
2223,-23.709212,133.867522,33,3.297
2223,-23.709511,133.867562,34,3.331
2223,-23.709792,133.867651,35,3.363
2223,-23.710046,133.867800,36,3.395
2223,-23.710290,133.867987,37,3.428
2223,-23.710489,133.868214,38,3.460
2223,-23.710661,133.868481,39,3.494
2223,-23.710724,133.868648,40,3.512
2223,-23.710986,133.869289,41,3.583
2223,-23.711366,133.870216,42,3.687
2223,-23.712101,133.869863,43,3.776
2223,-23.713472,133.869216,44,3.942
2223,-23.713120,133.868397,45,4.034
2223,-23.712795,133.867638,46,4.120
2223,-23.712488,133.866908,47,4.201
2223,-23.712325,133.866524,48,4.245
2223,-23.711765,133.865192,49,4.394
2223,-23.711566,133.864877,50,4.433
2223,-23.711340,133.864590,51,4.471
2223,-23.711077,133.864344,52,4.510
2223,-23.710778,133.864136,53,4.549
2223,-23.710461,133.863978,54,4.588
2223,-23.710234,133.863908,55,4.614
2223,-23.710317,133.863554,56,4.651
2223,-23.710381,133.863298,57,4.678
2223,-23.710545,133.862628,58,4.749
2223,-23.710755,133.861781,59,4.838
2223,-23.710874,133.861309,60,4.888
2223,-23.710902,133.860974,61,4.922
2223,-23.710885,133.860639,62,4.956
2223,-23.710822,133.860313,63,4.990
2223,-23.710786,133.860195,64,5.003
2223,-23.710723,133.859998,65,5.024
2223,-23.710587,133.859692,66,5.059
2223,-23.710469,133.859505,67,5.082
2223,-23.710343,133.859327,68,5.105
2223,-23.708457,133.858555,69,5.329
2223,-23.708040,133.858386,70,5.378
2223,-23.707786,133.858277,71,5.409
2223,-23.707669,133.858267,72,5.422
2223,-23.707595,133.858947,73,5.491
2223,-23.707512,133.859725,74,5.571
2223,-23.707764,133.860494,75,5.654
2223,-23.708026,133.861253,76,5.737
2223,-23.707472,133.861459,77,5.802
2223,-23.706393,133.861466,78,5.922
2223,-23.705993,133.861475,79,5.966
2223,-23.705222,133.861483,80,6.052
2223,-23.705230,133.862331,81,6.138
2223,-23.705237,133.863405,82,6.248
2223,-23.705245,133.863927,83,6.301
2223,-23.705243,133.864823,84,6.392
2223,-23.704835,133.864822,85,6.438
2223,-23.703302,133.864868,86,6.608
2223,-23.701723,133.864914,87,6.784
2223,-23.701469,133.864923,88,6.812
2223,-23.700308,133.864931,89,6.941
2223,-23.700299,133.864812,90,6.953
2223,-23.700256,133.863571,91,7.080
2223,-23.700302,133.863384,92,7.099
2223,-23.700960,133.860499,93,7.402
2223,-23.701161,133.860095,94,7.449
2223,-23.701279,133.859869,95,7.475
2223,-23.703797,133.857027,96,7.878
2223,-23.704579,133.855955,97,8.018
2223,-23.704743,133.855551,98,8.063
2223,-23.704862,133.855128,99,8.108
2223,-23.704900,133.854222,100,8.200
2223,-23.704837,133.853788,101,8.245
2223,-23.704793,133.853276,102,8.297
2223,-23.704648,133.852960,103,8.333
2223,-23.704413,133.852437,104,8.392
2223,-23.703961,133.851776,105,8.476
2223,-23.703020,133.850444,106,8.648
2223,-23.702386,133.849537,107,8.764
2223,-23.700513,133.846863,108,9.107
2223,-23.700043,133.846182,109,9.193
2223,-23.698342,133.843637,110,9.514
2223,-23.697862,133.842907,111,9.606
2223,-23.697557,133.841162,112,9.786
2223,-23.697476,133.840729,113,9.832
2223,-23.697494,133.840660,114,9.839
2223,-23.698582,133.836101,115,10.318
2223,-23.698729,133.834633,116,10.469
2223,-23.698794,133.834042,117,10.529
2223,-23.698768,133.833037,118,10.632
2223,-23.698260,133.833056,119,10.688
2223,-23.697916,133.833075,120,10.727
2223,-23.697353,133.833093,121,10.789
2223,-23.697153,133.833103,122,10.811
2223,-23.696954,133.833063,123,10.834
2223,-23.696764,133.833004,124,10.856
2223,-23.696591,133.832905,125,10.878
2223,-23.696428,133.832786,126,10.899
2223,-23.696283,133.832638,127,10.922
2223,-23.695921,133.832224,128,10.980
2223,-23.695025,133.831178,129,11.126
2223,-23.694654,133.830743,130,11.186
2223,-23.694509,133.830457,131,11.219
2223,-23.694419,133.830260,132,11.242
2223,-23.694147,133.829747,133,11.302
2223,-23.693912,133.829579,134,11.333
2223,-23.693785,133.829491,135,11.350
2223,-23.693422,133.829322,136,11.394
2223,-23.693277,133.829194,137,11.415
2223,-23.693078,133.829046,138,11.442
2223,-23.692960,133.828986,139,11.456
2223,-23.692724,133.828868,140,11.485
2223,-23.692607,133.828799,141,11.500
2223,-23.692489,133.828710,142,11.516
2223,-23.692389,133.828601,143,11.531
2223,-23.692299,133.828483,144,11.547
2223,-23.692235,133.828345,145,11.563
2223,-23.692181,133.828207,146,11.578
2223,-23.691983,133.827527,147,11.651
2223,-23.691929,133.827359,148,11.669
2223,-23.691856,133.827211,149,11.686
2223,-23.691757,133.827053,150,11.705
2223,-23.691712,133.826984,151,11.714
2223,-23.691603,133.826807,152,11.736
2223,-23.691576,133.826747,153,11.743
2223,-23.691394,133.826786,154,11.763
2223,-23.691331,133.826786,155,11.770
2223,-23.691277,133.826757,156,11.777
2223,-23.691177,133.826688,157,11.790
2223,-23.691086,133.826609,158,11.803
2223,-23.690996,133.826510,159,11.817
2223,-23.690923,133.826401,160,11.831
2223,-23.690878,133.826273,161,11.845
2223,-23.690851,133.826145,162,11.858
2223,-23.690833,133.826007,163,11.872
2223,-23.690843,133.825869,164,11.886
2223,-23.690870,133.825810,165,11.893
2223,-23.690897,133.825751,166,11.900
2223,-23.691070,133.825574,167,11.926
2223,-23.691160,133.825712,168,11.944
2223,-23.691242,133.825880,169,11.963
2223,-23.691305,133.826028,170,11.979
2223,-23.691314,133.826057,171,11.983
2223,-23.691440,133.826402,172,12.021
2223,-23.691513,133.826619,173,12.044
2223,-23.691576,133.826747,174,12.059
2223,-23.691603,133.826807,175,12.066
2223,-23.691712,133.826984,176,12.087
2223,-23.691757,133.827053,177,12.096
2223,-23.691856,133.827211,178,12.115
2223,-23.691929,133.827359,179,12.133
2223,-23.691983,133.827527,180,12.151
2223,-23.692181,133.828207,181,12.223
2223,-23.692235,133.828345,182,12.239
2223,-23.692299,133.828483,183,12.254
2223,-23.692389,133.828601,184,12.270
2223,-23.692489,133.828710,185,12.286
2223,-23.692607,133.828799,186,12.302
2223,-23.692724,133.828868,187,12.316
2223,-23.692960,133.828986,188,12.345
2223,-23.693078,133.829046,189,12.360
2223,-23.693196,133.829135,190,12.376
2223,-23.693277,133.829194,191,12.387
2223,-23.693422,133.829322,192,12.407
2223,-23.693785,133.829491,193,12.451
2223,-23.693912,133.829579,194,12.468
2223,-23.694147,133.829747,195,12.499
2223,-23.694419,133.830260,196,12.559
2223,-23.694509,133.830457,197,12.582
2223,-23.694654,133.830743,198,12.615
2223,-23.695025,133.831178,199,12.676
2223,-23.695921,133.832224,200,12.822
2223,-23.695521,133.832627,201,12.882
2223,-23.695349,133.832804,202,12.908
2223,-23.694213,133.833944,203,13.080
2223,-23.694076,133.834102,204,13.102
2223,-23.693976,133.834279,205,13.123
2223,-23.693912,133.834476,206,13.144
2223,-23.693876,133.834673,207,13.165
2223,-23.693876,133.834810,208,13.179
2223,-23.693875,133.834879,209,13.186
2223,-23.693884,133.835185,210,13.217
2223,-23.693893,133.835510,211,13.250
2223,-23.693736,133.836958,212,13.399
2223,-23.693672,133.837243,213,13.429
2223,-23.693562,133.837746,214,13.481
2223,-23.693480,133.838120,215,13.520
2223,-23.693398,133.838455,216,13.556
2223,-23.693370,133.838661,217,13.577
2223,-23.693351,133.838858,218,13.597
2223,-23.693360,133.839174,219,13.629
2223,-23.693405,133.839499,220,13.663
2223,-23.693495,133.839804,221,13.695
2223,-23.693640,133.840051,222,13.725
2223,-23.693947,133.840564,223,13.788
2223,-23.694083,133.840712,224,13.809
2223,-23.694174,133.840791,225,13.822
2223,-23.694228,133.840840,226,13.830
2223,-23.694400,133.840929,227,13.851
2223,-23.694618,133.840979,228,13.876
2223,-23.694836,133.840979,229,13.900
2223,-23.694999,133.840950,230,13.918
2223,-23.695162,133.840901,231,13.937
2223,-23.695789,133.840676,232,14.010
2223,-23.696079,133.840568,233,14.044
2223,-23.696379,133.840480,234,14.079
2223,-23.696678,133.840451,235,14.112
2223,-23.696742,133.840461,236,14.120
2223,-23.696977,133.840491,237,14.146
2223,-23.697494,133.840660,238,14.206
2223,-23.697476,133.840729,239,14.213
2223,-23.697557,133.841162,240,14.258
2223,-23.697862,133.842907,241,14.439
2223,-23.698342,133.843637,242,14.531
2223,-23.700043,133.846182,243,14.851
2223,-23.700477,133.846804,244,14.931
2223,-23.702386,133.849537,245,15.281
2223,-23.703056,133.850484,246,15.403
2223,-23.703961,133.851776,247,15.568
2223,-23.704413,133.852437,248,15.652
2223,-23.704793,133.853276,249,15.748
2223,-23.704837,133.853739,250,15.795
2223,-23.704837,133.853788,251,15.800
2223,-23.704900,133.854222,252,15.845
2223,-23.704862,133.855128,253,15.937
2223,-23.704743,133.855551,254,15.982
2223,-23.704579,133.855955,255,16.027
2223,-23.703797,133.857027,256,16.167
2223,-23.701279,133.859869,257,16.569
2223,-23.701161,133.860095,258,16.596
2223,-23.700181,133.859857,259,16.707
2223,-23.699483,133.859688,260,16.787
2223,-23.698622,133.859479,261,16.885
2223,-23.698277,133.859468,262,16.923
2223,-23.697941,133.859497,263,16.961
2223,-23.697614,133.859585,264,16.998
2223,-23.697297,133.859722,265,17.036
2223,-23.697006,133.859899,266,17.073
2223,-23.696734,133.860115,267,17.111
2223,-23.696525,133.860302,268,17.141
2223,-23.695952,133.860803,269,17.222
2223,-23.695716,133.860980,270,17.254
2223,-23.695471,133.861117,271,17.285
2223,-23.695198,133.861225,272,17.317
2223,-23.694472,133.861381,273,17.399
2223,-23.692920,133.861732,274,17.576
2223,-23.692457,133.861840,275,17.628
2223,-23.692185,133.861898,276,17.659
2223,-23.691958,133.861967,277,17.685
2223,-23.690796,133.862319,278,17.819
2223,-23.690651,133.862358,279,17.836
2223,-23.690370,133.862456,280,17.869
2223,-23.690106,133.862603,281,17.902
2223,-23.689752,133.862878,282,17.950
2223,-23.690259,133.863569,283,18.040
2223,-23.690485,133.863884,284,18.081
2223,-23.691378,133.866862,285,18.400
2223,-23.692108,133.869287,286,18.660
2223,-23.692252,133.869779,287,18.712
2223,-23.692531,133.870706,288,18.812
2223,-23.692730,133.871386,289,18.884
2223,-23.692838,133.871475,290,18.900
2223,-23.692875,133.871505,291,18.905
2223,-23.693047,133.871633,292,18.928
2223,-23.693434,133.873033,293,19.077
2223,-23.693515,133.873575,294,19.133
2223,-23.693451,133.873742,295,19.151
2223,-23.693415,133.873851,296,19.163
2223,-23.693459,133.874452,297,19.224
2223,-23.694430,133.874306,298,19.333
2223,-23.694584,133.874277,299,19.351
2223,-23.694981,133.875224,300,19.457
2223,-23.695244,133.875293,301,19.487
2223,-23.695453,133.875382,302,19.512
2223,-23.695598,133.875521,303,19.533
2223,-23.695752,133.875698,304,19.558
2223,-23.695860,133.875886,305,19.580
2223,-23.696447,133.877296,306,19.738
2223,-23.696564,133.877582,307,19.770
2223,-23.697034,133.878696,308,19.895
2223,-23.697515,133.878451,309,19.954
2223,-23.699095,133.877785,310,20.142
2223,-23.700593,133.877029,311,20.326
2223,-23.700702,133.876980,312,20.339
2223,-23.701102,133.876745,313,20.389
2223,-23.702273,133.876156,314,20.533
2223,-23.702863,133.876108,315,20.599
2223,-23.703441,133.877558,316,20.759
2223,-23.703450,133.877735,317,20.778
2223,-23.703458,133.878189,318,20.824
2223,-23.703855,133.879145,319,20.931
2223,-23.702030,133.880057,320,21.154
2223,-23.701476,133.880332,321,21.221
2223,-23.700359,133.880891,322,21.358
2223,-23.698634,133.881744,323,21.569
2223,-23.698634,133.881754,324,21.570
2223,-23.698379,133.881881,325,21.601
2223,-23.697811,133.880550,326,21.750
2223,-23.697251,133.879209,327,21.900
2223,-23.698767,133.878454,328,22.086
2223,-23.698767,133.878464,329,22.087
2296,-23.698867,133.878415,0,0.000
2296,-23.699239,133.878228,1,0.046
2296,-23.699799,133.879550,2,0.194
2296,-23.700079,133.880220,3,0.269
2296,-23.700359,133.880891,4,0.344
2296,-23.698634,133.881744,5,0.554
2296,-23.698625,133.881754,6,0.556
2296,-23.698379,133.881871,7,0.586
2296,-23.697811,133.880550,8,0.734
2296,-23.697251,133.879219,9,0.883
2296,-23.697034,133.878696,10,0.942
2296,-23.697515,133.878451,11,1.001
2296,-23.699095,133.877785,12,1.189
2296,-23.700593,133.877029,13,1.373
2296,-23.700702,133.876980,14,1.386
2296,-23.701102,133.876745,15,1.436
2296,-23.702273,133.876156,16,1.580
2296,-23.702863,133.876108,17,1.645
2296,-23.704697,133.875561,18,1.857
2296,-23.706050,133.874884,19,2.022
2296,-23.707176,133.874315,20,2.160
2296,-23.707546,133.875203,21,2.259
2296,-23.708693,133.877787,22,2.552
2296,-23.708666,133.877797,23,2.555
2296,-23.707858,133.878228,24,2.655
2296,-23.707031,133.878680,25,2.758
2296,-23.707483,133.879577,26,2.862
2296,-23.706338,133.880441,27,3.017
2296,-23.707751,133.881755,28,3.223
2296,-23.708995,133.881236,29,3.371
2296,-23.709503,133.881030,30,3.431
2296,-23.709521,133.881020,31,3.434
2296,-23.710447,133.880638,32,3.544
2296,-23.712209,133.879903,33,3.753
2296,-23.713562,133.879345,34,3.914
2296,-23.717338,133.877777,35,4.363
2296,-23.717338,133.877875,36,4.374
2296,-23.719871,133.876837,37,4.674
2296,-23.721033,133.876357,38,4.812
2296,-23.720835,133.875785,39,4.875
2296,-23.720149,133.873655,40,5.105
2296,-23.720667,133.873449,41,5.166
2296,-23.721212,133.873234,42,5.230
2296,-23.721402,133.873086,43,5.256
2296,-23.721566,133.872899,44,5.283
2296,-23.721703,133.872683,45,5.309
2296,-23.721812,133.872447,46,5.336
2296,-23.721876,133.872201,47,5.362
2296,-23.722131,133.871521,48,5.437
2296,-23.722678,133.870054,49,5.598
2296,-23.722482,133.868290,50,5.779
2296,-23.722301,133.867945,51,5.820
2296,-23.722365,133.867866,52,5.830
2296,-23.722410,133.867768,53,5.842
2296,-23.722438,133.867660,54,5.853
2296,-23.722447,133.867551,55,5.864
2296,-23.722438,133.867443,56,5.875
2296,-23.722411,133.867344,57,5.886
2296,-23.722366,133.867246,58,5.897
2296,-23.722357,133.867236,59,5.898
2296,-23.722294,133.867157,60,5.909
2296,-23.722221,133.867088,61,5.920
2296,-23.722131,133.867038,62,5.931
2296,-23.722031,133.866999,63,5.943
2296,-23.721931,133.866988,64,5.954
2296,-23.721831,133.866998,65,5.965
2296,-23.721804,133.867008,66,5.968
2296,-23.721334,133.866189,67,6.067
2296,-23.721153,133.865913,68,6.101
2296,-23.720863,133.865636,69,6.144
2296,-23.720591,133.865468,70,6.179
2296,-23.720329,133.865349,71,6.210
2296,-23.719485,133.865052,72,6.309
2296,-23.719078,133.864785,73,6.362
2296,-23.718371,133.864330,74,6.453
2296,-23.717388,133.865993,75,6.654
2296,-23.717306,133.866131,76,6.671
2296,-23.717161,133.866367,77,6.700
2296,-23.716860,133.866820,78,6.757
2296,-23.716533,133.867233,79,6.813
2296,-23.716160,133.867616,80,6.870
2296,-23.715761,133.867950,81,6.925
2296,-23.715352,133.868235,82,6.979
2296,-23.713472,133.869216,83,7.211
2296,-23.712119,133.869853,84,7.375
2296,-23.711366,133.870216,85,7.466
2296,-23.708850,133.871472,86,7.774
2296,-23.706989,133.872394,87,8.001
2296,-23.706444,133.872668,88,8.068
2296,-23.705945,133.872914,89,8.129
2296,-23.705154,133.873582,90,8.240
2296,-23.706050,133.874884,91,8.406
2296,-23.704697,133.875561,92,8.571
2296,-23.702863,133.876108,93,8.783
2296,-23.703441,133.877558,94,8.944
2296,-23.703450,133.877735,95,8.962
2296,-23.703458,133.878189,96,9.008
2296,-23.703855,133.879145,97,9.115
2296,-23.702030,133.880057,98,9.338
2296,-23.701476,133.880332,99,9.406
2296,-23.700359,133.880891,100,9.542
2296,-23.698634,133.881744,101,9.753
2296,-23.698634,133.881754,102,9.754
2296,-23.698379,133.881881,103,9.785
2296,-23.697811,133.880550,104,9.934
2296,-23.697251,133.879209,105,10.084
2296,-23.698767,133.878454,106,10.270
2296,-23.698767,133.878464,107,10.271
