trip_id,arrival_time,departure_time,stop_id,stop_sequence,stop_headsign,pickup_type,drop_off_type,shape_dist_traveled,timepoint
3735,08:00:00,08:00:00,85,0,,0,0,0.000,1
3735,08:01:00,08:01:00,86,1,,0,0,0.554,0
3735,08:03:00,08:03:00,87,2,,0,0,1.875,0
3735,08:05:00,08:05:00,88,3,,0,0,2.590,0
3735,08:06:00,08:06:00,89,4,,0,0,2.940,1
3735,08:06:00,08:06:00,90,5,,0,0,3.215,0
3735,08:08:00,08:08:00,91,6,,0,0,3.712,0
3735,08:08:00,08:08:00,92,7,,0,0,3.756,0
3735,08:10:00,08:10:00,93,8,,0,0,4.348,0
3735,08:11:00,08:11:00,94,9,,0,0,4.602,1
3735,08:11:00,08:11:00,95,10,,0,0,5.038,0
3735,08:12:00,08:12:00,96,11,,0,0,5.740,0
3735,08:13:00,08:13:00,97,12,,0,0,6.149,0
3735,08:15:00,08:15:00,175,13,,0,0,7.692,0
3735,08:16:00,08:16:00,80,14,,0,0,8.398,0
3735,08:16:00,08:16:00,81,15,,0,0,8.636,0
3735,08:18:00,08:18:00,160,16,,0,0,9.512,1
3735,08:18:00,08:18:00,150,17,,0,0,10.040,0
3735,08:22:00,08:22:00,82,18,,0,0,12.198,0
3735,08:23:00,08:23:00,101,19,,0,0,12.671,0
3735,08:25:00,08:25:00,161,20,,0,0,13.895,1
3735,08:30:00,08:30:00,190,21,,0,0,16.200,0
3735,08:30:00,08:30:00,86,22,,0,0,16.547,0
3735,08:32:00,08:32:00,148,23,,0,0,17.065,1
3783,09:35:00,09:35:00,85,0,,0,0,0.000,1
3783,09:36:00,09:36:00,86,1,,0,0,0.554,0
3783,09:38:00,09:38:00,87,2,,0,0,1.875,0
3783,09:40:00,09:40:00,88,3,,0,0,2.590,0
3783,09:41:00,09:41:00,89,4,,0,0,2.940,1
3783,09:41:00,09:41:00,90,5,,0,0,3.215,0
3783,09:43:00,09:43:00,91,6,,0,0,3.712,0
3783,09:43:00,09:43:00,92,7,,0,0,3.756,0
3783,09:45:00,09:45:00,93,8,,0,0,4.348,0
3783,09:46:00,09:46:00,94,9,,0,0,4.602,1
3783,09:46:00,09:46:00,95,10,,0,0,5.038,0
3783,09:47:00,09:47:00,96,11,,0,0,5.740,0
3783,09:48:00,09:48:00,97,12,,0,0,6.149,0
3783,09:50:00,09:50:00,175,13,,0,0,7.692,0
3783,09:51:00,09:51:00,80,14,,0,0,8.398,0
3783,09:51:00,09:51:00,81,15,,0,0,8.636,0
3783,09:53:00,09:53:00,160,16,,0,0,9.512,1
3783,09:53:00,09:53:00,150,17,,0,0,10.040,0
3783,09:57:00,09:57:00,82,18,,0,0,12.198,0
3783,09:58:00,09:58:00,101,19,,0,0,12.671,0
3783,10:00:00,10:00:00,161,20,,0,0,13.895,1
3783,10:05:00,10:05:00,190,21,,0,0,16.200,0
3783,10:05:00,10:05:00,86,22,,0,0,16.547,0
3783,10:07:00,10:07:00,148,23,,0,0,17.065,1
3831,11:00:00,11:00:00,85,0,,0,0,0.000,1
3831,11:01:00,11:01:00,86,1,,0,0,0.554,0
3831,11:03:00,11:03:00,87,2,,0,0,1.875,0
3831,11:05:00,11:05:00,88,3,,0,0,2.590,0
3831,11:06:00,11:06:00,89,4,,0,0,2.940,1
3831,11:06:00,11:06:00,90,5,,0,0,3.215,0
3831,11:08:00,11:08:00,91,6,,0,0,3.712,0
3831,11:08:00,11:08:00,92,7,,0,0,3.756,0
3831,11:10:00,11:10:00,93,8,,0,0,4.348,0
3831,11:11:00,11:11:00,94,9,,0,0,4.602,1
3831,11:11:00,11:11:00,95,10,,0,0,5.038,0
3831,11:12:00,11:12:00,96,11,,0,0,5.740,0
3831,11:13:00,11:13:00,97,12,,0,0,6.149,0
3831,11:15:00,11:15:00,175,13,,0,0,7.692,0
3831,11:16:00,11:16:00,80,14,,0,0,8.398,0
3831,11:16:00,11:16:00,81,15,,0,0,8.636,0
3831,11:18:00,11:18:00,160,16,,0,0,9.512,1
3831,11:18:00,11:18:00,150,17,,0,0,10.040,0
3831,11:22:00,11:22:00,82,18,,0,0,12.198,0
3831,11:23:00,11:23:00,101,19,,0,0,12.671,0
3831,11:25:00,11:25:00,161,20,,0,0,13.895,1
3831,11:30:00,11:30:00,190,21,,0,0,16.200,0
3831,11:30:00,11:30:00,86,22,,0,0,16.547,0
3831,11:32:00,11:32:00,148,23,,0,0,17.065,1
3879,14:00:00,14:00:00,85,0,,0,0,0.000,1
3879,14:01:00,14:01:00,86,1,,0,0,0.554,0
3879,14:03:00,14:03:00,87,2,,0,0,1.875,0
3879,14:05:00,14:05:00,88,3,,0,0,2.590,0
3879,14:06:00,14:06:00,89,4,,0,0,2.940,1
3879,14:06:00,14:06:00,90,5,,0,0,3.215,0
3879,14:08:00,14:08:00,91,6,,0,0,3.712,0
3879,14:08:00,14:08:00,92,7,,0,0,3.756,0
3879,14:10:00,14:10:00,93,8,,0,0,4.348,0
3879,14:11:00,14:11:00,94,9,,0,0,4.602,1
3879,14:11:00,14:11:00,95,10,,0,0,5.038,0
3879,14:12:00,14:12:00,96,11,,0,0,5.740,0
3879,14:13:00,14:13:00,97,12,,0,0,6.149,0
3879,14:15:00,14:15:00,175,13,,0,0,7.692,0
3879,14:16:00,14:16:00,80,14,,0,0,8.398,0
3879,14:16:00,14:16:00,81,15,,0,0,8.636,0
3879,14:18:00,14:18:00,160,16,,0,0,9.512,1
3879,14:18:00,14:18:00,150,17,,0,0,10.040,0
3879,14:22:00,14:22:00,82,18,,0,0,12.198,0
3879,14:23:00,14:23:00,101,19,,0,0,12.671,0
3879,14:25:00,14:25:00,161,20,,0,0,13.895,1
3879,14:30:00,14:30:00,190,21,,0,0,16.200,0
3879,14:30:00,14:30:00,86,22,,0,0,16.547,0
3879,14:32:00,14:32:00,148,23,,0,0,17.065,1
3928,07:00:00,07:00:00,85,0,,0,0,0.000,1
3928,07:01:00,07:01:00,86,1,,0,0,0.554,0
3928,07:03:00,07:03:00,87,2,,0,0,1.875,0
3928,07:05:00,07:05:00,88,3,,0,0,2.590,0
3928,07:06:00,07:06:00,89,4,,0,0,2.940,1
3928,07:06:00,07:06:00,90,5,,0,0,3.215,0
3928,07:08:00,07:08:00,91,6,,0,0,3.712,0
3928,07:08:00,07:08:00,92,7,,0,0,3.756,0
3928,07:10:00,07:10:00,93,8,,0,0,4.348,0
3928,07:11:00,07:11:00,94,9,,0,0,4.602,1
3928,07:11:00,07:11:00,95,10,,0,0,5.038,0
3928,07:12:00,07:12:00,96,11,,0,0,5.740,0
3928,07:13:00,07:13:00,97,12,,0,0,6.149,0
3928,07:15:00,07:15:00,175,13,,0,0,7.692,0
3928,07:16:00,07:16:00,80,14,,0,0,8.398,0
3928,07:16:00,07:16:00,81,15,,0,0,8.636,0
3928,07:18:00,07:18:00,160,16,,0,0,9.512,1
3928,07:19:00,07:19:00,150,17,,0,0,10.040,0
3928,07:23:00,07:23:00,82,18,,0,0,12.198,0
3928,07:24:00,07:24:00,101,19,,0,0,12.671,0
3928,07:28:00,07:28:00,190,20,,0,0,14.920,0
3928,07:29:00,07:29:00,86,21,,0,0,15.267,0
3928,07:30:00,07:30:00,148,22,,0,0,15.785,1
3974,08:00:00,08:00:00,85,0,,0,0,0.000,1
3974,08:01:00,08:01:00,86,1,,0,0,0.554,0
3974,08:03:00,08:03:00,87,2,,0,0,1.875,0
3974,08:05:00,08:05:00,88,3,,0,0,2.590,0
3974,08:06:00,08:06:00,89,4,,0,0,2.940,1
3974,08:06:00,08:06:00,90,5,,0,0,3.215,0
3974,08:08:00,08:08:00,91,6,,0,0,3.712,0
3974,08:08:00,08:08:00,92,7,,0,0,3.756,0
3974,08:10:00,08:10:00,93,8,,0,0,4.348,0
3974,08:11:00,08:11:00,94,9,,0,0,4.602,1
3974,08:11:00,08:11:00,95,10,,0,0,5.038,0
3974,08:12:00,08:12:00,96,11,,0,0,5.740,0
3974,08:13:00,08:13:00,97,12,,0,0,6.149,0
3974,08:15:00,08:15:00,175,13,,0,0,7.692,0
3974,08:16:00,08:16:00,80,14,,0,0,8.398,0
3974,08:16:00,08:16:00,81,15,,0,0,8.636,0
3974,08:18:00,08:18:00,160,16,,0,0,9.512,1
3974,08:19:00,08:19:00,150,17,,0,0,10.040,0
3974,08:23:00,08:23:00,82,18,,0,0,12.198,0
3974,08:24:00,08:24:00,101,19,,0,0,12.671,0
3974,08:28:00,08:28:00,190,20,,0,0,14.920,0
3974,08:29:00,08:29:00,86,21,,0,0,15.267,0
3974,08:30:00,08:30:00,148,22,,0,0,15.785,1
4020,08:45:00,08:45:00,85,0,,0,0,0.000,1
4020,08:46:00,08:46:00,86,1,,0,0,0.554,0
4020,08:48:00,08:48:00,87,2,,0,0,1.875,0
4020,08:50:00,08:50:00,88,3,,0,0,2.590,0
4020,08:51:00,08:51:00,89,4,,0,0,2.940,1
4020,08:51:00,08:51:00,90,5,,0,0,3.215,0
4020,08:53:00,08:53:00,91,6,,0,0,3.712,0
4020,08:53:00,08:53:00,92,7,,0,0,3.756,0
4020,08:55:00,08:55:00,93,8,,0,0,4.348,0
4020,08:56:00,08:56:00,94,9,,0,0,4.602,1
4020,08:56:00,08:56:00,95,10,,0,0,5.038,0
4020,08:57:00,08:57:00,96,11,,0,0,5.740,0
4020,08:58:00,08:58:00,97,12,,0,0,6.149,0
4020,09:00:00,09:00:00,175,13,,0,0,7.692,0
4020,09:01:00,09:01:00,80,14,,0,0,8.398,0
4020,09:01:00,09:01:00,81,15,,0,0,8.636,0
4020,09:03:00,09:03:00,160,16,,0,0,9.512,1
4020,09:03:00,09:03:00,150,17,,0,0,10.040,0
4020,09:07:00,09:07:00,82,18,,0,0,12.198,0
4020,09:08:00,09:08:00,101,19,,0,0,12.671,0
4020,09:10:00,09:10:00,161,20,,0,0,13.895,1
4020,09:15:00,09:15:00,190,21,,0,0,16.200,0
4020,09:15:00,09:15:00,86,22,,0,0,16.547,0
4020,09:17:00,09:17:00,148,23,,0,0,17.065,1
4068,10:15:00,10:15:00,85,0,,0,0,0.000,1
4068,10:16:00,10:16:00,86,1,,0,0,0.554,0
4068,10:18:00,10:18:00,87,2,,0,0,1.875,0
4068,10:20:00,10:20:00,88,3,,0,0,2.590,0
4068,10:21:00,10:21:00,89,4,,0,0,2.940,1
4068,10:21:00,10:21:00,90,5,,0,0,3.215,0
4068,10:23:00,10:23:00,91,6,,0,0,3.712,0
4068,10:23:00,10:23:00,92,7,,0,0,3.756,0
4068,10:25:00,10:25:00,93,8,,0,0,4.348,0
4068,10:26:00,10:26:00,94,9,,0,0,4.602,1
4068,10:26:00,10:26:00,95,10,,0,0,5.038,0
4068,10:27:00,10:27:00,96,11,,0,0,5.740,0
4068,10:28:00,10:28:00,97,12,,0,0,6.149,0
4068,10:30:00,10:30:00,175,13,,0,0,7.692,0
4068,10:31:00,10:31:00,80,14,,0,0,8.398,0
4068,10:31:00,10:31:00,81,15,,0,0,8.636,0
4068,10:33:00,10:33:00,160,16,,0,0,9.512,1
4068,10:33:00,10:33:00,150,17,,0,0,10.040,0
4068,10:37:00,10:37:00,82,18,,0,0,12.198,0
4068,10:38:00,10:38:00,101,19,,0,0,12.671,0
4068,10:40:00,10:40:00,161,20,,0,0,13.895,1
4068,10:45:00,10:45:00,190,21,,0,0,16.200,0
4068,10:45:00,10:45:00,86,22,,0,0,16.547,0
4068,10:47:00,10:47:00,148,23,,0,0,17.065,1
4116,13:00:00,13:00:00,85,0,,0,0,0.000,1
4116,13:01:00,13:01:00,86,1,,0,0,0.554,0
4116,13:03:00,13:03:00,87,2,,0,0,1.875,0
4116,13:05:00,13:05:00,88,3,,0,0,2.590,0
4116,13:06:00,13:06:00,89,4,,0,0,2.940,1
4116,13:06:00,13:06:00,90,5,,0,0,3.215,0
4116,13:08:00,13:08:00,91,6,,0,0,3.712,0
4116,13:08:00,13:08:00,92,7,,0,0,3.756,0
4116,13:10:00,13:10:00,93,8,,0,0,4.348,0
4116,13:11:00,13:11:00,94,9,,0,0,4.602,1
4116,13:11:00,13:11:00,95,10,,0,0,5.038,0
4116,13:12:00,13:12:00,96,11,,0,0,5.740,0
4116,13:13:00,13:13:00,97,12,,0,0,6.149,0
4116,13:15:00,13:15:00,175,13,,0,0,7.692,0
4116,13:16:00,13:16:00,80,14,,0,0,8.398,0
4116,13:16:00,13:16:00,81,15,,0,0,8.636,0
4116,13:18:00,13:18:00,160,16,,0,0,9.512,1
4116,13:18:00,13:18:00,150,17,,0,0,10.040,0
4116,13:22:00,13:22:00,82,18,,0,0,12.198,0
4116,13:23:00,13:23:00,101,19,,0,0,12.671,0
4116,13:25:00,13:25:00,161,20,,0,0,13.895,1
4116,13:30:00,13:30:00,190,21,,0,0,16.200,0
4116,13:30:00,13:30:00,86,22,,0,0,16.547,0
4116,13:32:00,13:32:00,148,23,,0,0,17.065,1
4164,14:40:00,14:40:00,85,0,,0,0,0.000,1
4164,14:41:00,14:41:00,86,1,,0,0,0.554,0
4164,14:43:00,14:43:00,87,2,,0,0,1.875,0
4164,14:45:00,14:45:00,88,3,,0,0,2.590,0
4164,14:46:00,14:46:00,89,4,,0,0,2.940,1
4164,14:46:00,14:46:00,90,5,,0,0,3.215,0
4164,14:48:00,14:48:00,91,6,,0,0,3.712,0
4164,14:48:00,14:48:00,92,7,,0,0,3.756,0
4164,14:50:00,14:50:00,93,8,,0,0,4.348,0
4164,14:51:00,14:51:00,94,9,,0,0,4.602,1
4164,14:51:00,14:51:00,95,10,,0,0,5.038,0
4164,14:52:00,14:52:00,96,11,,0,0,5.740,0
4164,14:53:00,14:53:00,97,12,,0,0,6.149,0
4164,14:55:00,14:55:00,175,13,,0,0,7.692,0
4164,14:56:00,14:56:00,80,14,,0,0,8.398,0
4164,14:56:00,14:56:00,81,15,,0,0,8.636,0
4164,14:58:00,14:58:00,160,16,,0,0,9.512,1
4164,14:59:00,14:59:00,150,17,,0,0,10.040,0
4164,15:03:00,15:03:00,82,18,,0,0,12.198,0
4164,15:04:00,15:04:00,101,19,,0,0,12.671,0
4164,15:08:00,15:08:00,190,20,,0,0,14.920,0
4164,15:09:00,15:09:00,86,21,,0,0,15.267,0
4164,15:10:00,15:10:00,148,22,,0,0,15.785,1
4210,16:00:00,16:00:00,85,0,,0,0,0.000,1
4210,16:01:00,16:01:00,86,1,,0,0,0.554,0
4210,16:03:00,16:03:00,87,2,,0,0,1.875,0
4210,16:05:00,16:05:00,88,3,,0,0,2.590,0
4210,16:06:00,16:06:00,89,4,,0,0,2.940,1
4210,16:06:00,16:06:00,90,5,,0,0,3.215,0
4210,16:08:00,16:08:00,91,6,,0,0,3.712,0
4210,16:08:00,16:08:00,92,7,,0,0,3.756,0
4210,16:10:00,16:10:00,93,8,,0,0,4.348,0
4210,16:11:00,16:11:00,94,9,,0,0,4.602,1
4210,16:11:00,16:11:00,95,10,,0,0,5.038,0
4210,16:12:00,16:12:00,96,11,,0,0,5.740,0
4210,16:13:00,16:13:00,97,12,,0,0,6.149,0
4210,16:15:00,16:15:00,175,13,,0,0,7.692,0
4210,16:16:00,16:16:00,80,14,,0,0,8.398,0
4210,16:16:00,16:16:00,81,15,,0,0,8.636,0
4210,16:18:00,16:18:00,160,16,,0,0,9.512,1
4210,16:19:00,16:19:00,150,17,,0,0,10.040,0
4210,16:23:00,16:23:00,82,18,,0,0,12.198,0
4210,16:24:00,16:24:00,101,19,,0,0,12.671,0
4210,16:28:00,16:28:00,190,20,,0,0,14.920,0
4210,16:29:00,16:29:00,86,21,,0,0,15.267,0
4210,16:30:00,16:30:00,148,22,,0,0,15.785,1
4256,16:45:00,16:45:00,85,0,,0,0,0.000,1
4256,16:46:00,16:46:00,86,1,,0,0,0.554,0
4256,16:48:00,16:48:00,87,2,,0,0,1.875,0
4256,16:50:00,16:50:00,88,3,,0,0,2.590,0
4256,16:51:00,16:51:00,89,4,,0,0,2.940,1
4256,16:51:00,16:51:00,90,5,,0,0,3.215,0
4256,16:53:00,16:53:00,91,6,,0,0,3.712,0
4256,16:53:00,16:53:00,92,7,,0,0,3.756,0
4256,16:55:00,16:55:00,93,8,,0,0,4.348,0
4256,16:56:00,16:56:00,94,9,,0,0,4.602,1
4256,16:56:00,16:56:00,95,10,,0,0,5.038,0
4256,16:57:00,16:57:00,96,11,,0,0,5.740,0
4256,16:58:00,16:58:00,97,12,,0,0,6.149,0
4256,17:00:00,17:00:00,175,13,,0,0,7.692,0
4256,17:01:00,17:01:00,80,14,,0,0,8.398,0
4256,17:01:00,17:01:00,81,15,,0,0,8.636,0
4256,17:03:00,17:03:00,160,16,,0,0,9.512,1
4256,17:04:00,17:04:00,150,17,,0,0,10.040,0
4256,17:08:00,17:08:00,82,18,,0,0,12.198,0
4256,17:09:00,17:09:00,101,19,,0,0,12.671,0
4256,17:13:00,17:13:00,190,20,,0,0,14.920,0
4256,17:14:00,17:14:00,86,21,,0,0,15.267,0
4256,17:15:00,17:15:00,148,22,,0,0,15.785,1
4302,17:30:00,17:30:00,85,0,,0,0,0.000,1
4302,17:31:00,17:31:00,86,1,,0,0,0.554,0
4302,17:33:00,17:33:00,87,2,,0,0,1.875,0
4302,17:35:00,17:35:00,88,3,,0,0,2.590,0
4302,17:36:00,17:36:00,89,4,,0,0,2.940,1
4302,17:36:00,17:36:00,90,5,,0,0,3.215,0
4302,17:38:00,17:38:00,91,6,,0,0,3.712,0
4302,17:38:00,17:38:00,92,7,,0,0,3.756,0
4302,17:40:00,17:40:00,93,8,,0,0,4.348,0
4302,17:41:00,17:41:00,94,9,,0,0,4.602,1
4302,17:41:00,17:41:00,95,10,,0,0,5.038,0
4302,17:42:00,17:42:00,96,11,,0,0,5.740,0
4302,17:43:00,17:43:00,97,12,,0,0,6.149,0
4302,17:45:00,17:45:00,175,13,,0,0,7.692,0
4302,17:46:00,17:46:00,80,14,,0,0,8.398,0
4302,17:46:00,17:46:00,81,15,,0,0,8.636,0
4302,17:48:00,17:48:00,160,16,,0,0,9.512,1
4302,17:49:00,17:49:00,150,17,,0,0,10.040,0
4302,17:53:00,17:53:00,82,18,,0,0,12.198,0
4302,17:54:00,17:54:00,101,19,,0,0,12.671,0
4302,17:58:00,17:58:00,190,20,,0,0,14.920,0
4302,17:59:00,17:59:00,86,21,,0,0,15.267,0
4302,18:00:00,18:00:00,148,22,,0,0,15.785,1
4349,09:05:00,09:05:00,85,0,,0,0,0.000,1
4349,09:06:00,09:06:00,86,1,,0,0,0.554,0
4349,09:10:00,09:10:00,135,2,,0,0,1.693,1
4349,09:10:00,09:10:00,136,3,,0,0,2.076,0
4349,09:11:00,09:11:00,137,4,,0,0,2.364,0
4349,09:12:00,09:12:00,138,5,,0,0,2.979,0
4349,09:13:00,09:13:00,139,6,,0,0,3.533,1
4349,09:13:00,09:13:00,151,7,,0,0,3.973,0
4349,09:13:00,09:13:00,140,8,,0,0,4.180,0
4349,09:14:00,09:14:00,141,9,,0,0,4.677,0
4349,09:14:00,09:14:00,142,10,,0,0,5.105,0
4349,09:15:00,09:15:00,146,11,,0,0,5.759,0
4349,09:16:00,09:16:00,143,12,,0,0,6.029,1
4349,09:17:00,09:17:00,144,13,,0,0,6.406,0
4349,09:17:00,09:17:00,145,14,,0,0,6.638,0
4349,09:19:00,09:19:00,165,15,,0,0,7.311,0
4349,09:20:00,09:20:00,152,16,,0,0,7.738,0
4349,09:24:00,09:24:00,190,17,,0,0,9.117,0
4349,09:25:00,09:25:00,86,18,,0,0,9.464,0
4349,09:27:00,09:27:00,148,19,,0,0,9.982,1
4389,10:35:00,10:35:00,85,0,,0,0,0.000,1
4389,10:36:00,10:36:00,86,1,,0,0,0.554,0
4389,10:40:00,10:40:00,135,2,,0,0,1.693,1
4389,10:40:00,10:40:00,136,3,,0,0,2.076,0
4389,10:41:00,10:41:00,137,4,,0,0,2.364,0
4389,10:42:00,10:42:00,138,5,,0,0,2.979,0
4389,10:43:00,10:43:00,139,6,,0,0,3.533,1
4389,10:43:00,10:43:00,151,7,,0,0,3.973,0
4389,10:43:00,10:43:00,140,8,,0,0,4.180,0
4389,10:44:00,10:44:00,141,9,,0,0,4.677,0
4389,10:44:00,10:44:00,142,10,,0,0,5.105,0
4389,10:45:00,10:45:00,146,11,,0,0,5.759,0
4389,10:46:00,10:46:00,143,12,,0,0,6.029,1
4389,10:47:00,10:47:00,144,13,,0,0,6.406,0
4389,10:47:00,10:47:00,145,14,,0,0,6.638,0
4389,10:49:00,10:49:00,165,15,,0,0,7.311,0
4389,10:50:00,10:50:00,152,16,,0,0,7.738,0
4389,10:54:00,10:54:00,190,17,,0,0,9.117,0
4389,10:55:00,10:55:00,86,18,,0,0,9.464,0
4389,10:57:00,10:57:00,148,19,,0,0,9.982,1
4429,12:02:00,12:02:00,85,0,,0,0,0.000,1
4429,12:03:00,12:03:00,86,1,,0,0,0.554,0
4429,12:07:00,12:07:00,135,2,,0,0,1.693,1
4429,12:07:00,12:07:00,136,3,,0,0,2.076,0
4429,12:08:00,12:08:00,137,4,,0,0,2.364,0
4429,12:09:00,12:09:00,138,5,,0,0,2.979,0
4429,12:10:00,12:10:00,139,6,,0,0,3.533,1
4429,12:10:00,12:10:00,151,7,,0,0,3.973,0
4429,12:10:00,12:10:00,140,8,,0,0,4.180,0
4429,12:11:00,12:11:00,141,9,,0,0,4.677,0
4429,12:11:00,12:11:00,142,10,,0,0,5.105,0
4429,12:12:00,12:12:00,146,11,,0,0,5.759,0
4429,12:13:00,12:13:00,143,12,,0,0,6.029,1
4429,12:14:00,12:14:00,144,13,,0,0,6.406,0
4429,12:14:00,12:14:00,145,14,,0,0,6.638,0
4429,12:16:00,12:16:00,165,15,,0,0,7.311,0
4429,12:17:00,12:17:00,152,16,,0,0,7.738,0
4429,12:21:00,12:21:00,190,17,,0,0,9.117,0
4429,12:22:00,12:22:00,86,18,,0,0,9.464,0
4429,12:24:00,12:24:00,148,19,,0,0,9.982,1
4469,15:02:00,15:02:00,85,0,,0,0,0.000,1
4469,15:03:00,15:03:00,86,1,,0,0,0.554,0
4469,15:07:00,15:07:00,135,2,,0,0,1.693,1
4469,15:07:00,15:07:00,136,3,,0,0,2.076,0
4469,15:08:00,15:08:00,137,4,,0,0,2.364,0
4469,15:09:00,15:09:00,138,5,,0,0,2.979,0
4469,15:10:00,15:10:00,139,6,,0,0,3.533,1
4469,15:10:00,15:10:00,151,7,,0,0,3.973,0
4469,15:10:00,15:10:00,140,8,,0,0,4.180,0
4469,15:11:00,15:11:00,141,9,,0,0,4.677,0
4469,15:11:00,15:11:00,142,10,,0,0,5.105,0
4469,15:12:00,15:12:00,146,11,,0,0,5.759,0
4469,15:13:00,15:13:00,143,12,,0,0,6.029,1
4469,15:14:00,15:14:00,144,13,,0,0,6.406,0
4469,15:14:00,15:14:00,145,14,,0,0,6.638,0
4469,15:16:00,15:16:00,165,15,,0,0,7.311,0
4469,15:17:00,15:17:00,152,16,,0,0,7.738,0
4469,15:21:00,15:21:00,190,17,,0,0,9.117,0
4469,15:22:00,15:22:00,86,18,,0,0,9.464,0
4469,15:24:00,15:24:00,148,19,,0,0,9.982,1
4510,07:00:00,07:00:00,85,0,,0,0,0.000,1
4510,07:01:00,07:01:00,86,1,,0,0,0.554,0
4510,07:05:00,07:05:00,135,2,,0,0,1.693,1
4510,07:05:00,07:05:00,136,3,,0,0,2.076,0
4510,07:06:00,07:06:00,137,4,,0,0,2.364,0
4510,07:07:00,07:07:00,138,5,,0,0,2.979,0
4510,07:08:00,07:08:00,139,6,,0,0,3.533,1
4510,07:08:00,07:08:00,151,7,,0,0,3.973,0
4510,07:08:00,07:08:00,140,8,,0,0,4.180,0
4510,07:09:00,07:09:00,141,9,,0,0,4.677,0
4510,07:09:00,07:09:00,142,10,,0,0,5.105,0
4510,07:10:00,07:10:00,146,11,,0,0,5.759,0
4510,07:11:00,07:11:00,143,12,,0,0,6.029,1
4510,07:12:00,07:12:00,144,13,,0,0,6.406,0
4510,07:12:00,07:12:00,145,14,,0,0,6.638,0
4510,07:14:00,07:14:00,165,15,,0,0,7.311,0
4510,07:15:00,07:15:00,152,16,,0,0,7.738,0
4510,07:19:00,07:19:00,190,17,,0,0,9.117,0
4510,07:20:00,07:20:00,86,18,,0,0,9.464,0
4510,07:22:00,07:22:00,148,19,,0,0,9.982,1
4550,08:00:00,08:00:00,85,0,,0,0,0.000,1
4550,08:01:00,08:01:00,86,1,,0,0,0.554,0
4550,08:05:00,08:05:00,135,2,,0,0,1.693,1
4550,08:05:00,08:05:00,136,3,,0,0,2.076,0
4550,08:06:00,08:06:00,137,4,,0,0,2.364,0
4550,08:07:00,08:07:00,138,5,,0,0,2.979,0
4550,08:08:00,08:08:00,139,6,,0,0,3.533,1
4550,08:08:00,08:08:00,151,7,,0,0,3.973,0
4550,08:08:00,08:08:00,140,8,,0,0,4.180,0
4550,08:09:00,08:09:00,141,9,,0,0,4.677,0
4550,08:09:00,08:09:00,142,10,,0,0,5.105,0
4550,08:10:00,08:10:00,146,11,,0,0,5.759,0
4550,08:11:00,08:11:00,143,12,,0,0,6.029,1
4550,08:12:00,08:12:00,144,13,,0,0,6.406,0
4550,08:12:00,08:12:00,145,14,,0,0,6.638,0
4550,08:14:00,08:14:00,165,15,,0,0,7.311,0
4550,08:15:00,08:15:00,152,16,,0,0,7.738,0
4550,08:19:00,08:19:00,190,17,,0,0,9.117,0
4550,08:20:00,08:20:00,86,18,,0,0,9.464,0
4550,08:22:00,08:22:00,148,19,,0,0,9.982,1
4590,09:50:00,09:50:00,85,0,,0,0,0.000,1
4590,09:51:00,09:51:00,86,1,,0,0,0.554,0
4590,09:55:00,09:55:00,135,2,,0,0,1.693,1
4590,09:55:00,09:55:00,136,3,,0,0,2.076,0
4590,09:56:00,09:56:00,137,4,,0,0,2.364,0
4590,09:57:00,09:57:00,138,5,,0,0,2.979,0
4590,09:58:00,09:58:00,139,6,,0,0,3.533,1
4590,09:58:00,09:58:00,151,7,,0,0,3.973,0
4590,09:58:00,09:58:00,140,8,,0,0,4.180,0
4590,09:59:00,09:59:00,141,9,,0,0,4.677,0
4590,09:59:00,09:59:00,142,10,,0,0,5.105,0
4590,10:00:00,10:00:00,146,11,,0,0,5.759,0
4590,10:01:00,10:01:00,143,12,,0,0,6.029,1
4590,10:02:00,10:02:00,144,13,,0,0,6.406,0
4590,10:02:00,10:02:00,145,14,,0,0,6.638,0
4590,10:04:00,10:04:00,165,15,,0,0,7.311,0
4590,10:05:00,10:05:00,152,16,,0,0,7.738,0
4590,10:09:00,10:09:00,190,17,,0,0,9.117,0
4590,10:10:00,10:10:00,86,18,,0,0,9.464,0
4590,10:12:00,10:12:00,148,19,,0,0,9.982,1
4630,11:20:00,11:20:00,85,0,,0,0,0.000,1
4630,11:21:00,11:21:00,86,1,,0,0,0.554,0
4630,11:25:00,11:25:00,135,2,,0,0,1.693,1
4630,11:25:00,11:25:00,136,3,,0,0,2.076,0
4630,11:26:00,11:26:00,137,4,,0,0,2.364,0
4630,11:27:00,11:27:00,138,5,,0,0,2.979,0
4630,11:28:00,11:28:00,139,6,,0,0,3.533,1
4630,11:28:00,11:28:00,151,7,,0,0,3.973,0
4630,11:28:00,11:28:00,140,8,,0,0,4.180,0
4630,11:29:00,11:29:00,141,9,,0,0,4.677,0
4630,11:29:00,11:29:00,142,10,,0,0,5.105,0
4630,11:30:00,11:30:00,146,11,,0,0,5.759,0
4630,11:31:00,11:31:00,143,12,,0,0,6.029,1
4630,11:32:00,11:32:00,144,13,,0,0,6.406,0
4630,11:32:00,11:32:00,145,14,,0,0,6.638,0
4630,11:34:00,11:34:00,165,15,,0,0,7.311,0
4630,11:35:00,11:35:00,152,16,,0,0,7.738,0
4630,11:39:00,11:39:00,190,17,,0,0,9.117,0
4630,11:40:00,11:40:00,86,18,,0,0,9.464,0
4630,11:42:00,11:42:00,148,19,,0,0,9.982,1
4670,14:00:00,14:00:00,85,0,,0,0,0.000,1
4670,14:01:00,14:01:00,86,1,,0,0,0.554,0
4670,14:05:00,14:05:00,135,2,,0,0,1.693,1
4670,14:05:00,14:05:00,136,3,,0,0,2.076,0
4670,14:06:00,14:06:00,137,4,,0,0,2.364,0
4670,14:07:00,14:07:00,138,5,,0,0,2.979,0
4670,14:08:00,14:08:00,139,6,,0,0,3.533,1
4670,14:08:00,14:08:00,151,7,,0,0,3.973,0
4670,14:08:00,14:08:00,140,8,,0,0,4.180,0
4670,14:09:00,14:09:00,141,9,,0,0,4.677,0
4670,14:09:00,14:09:00,142,10,,0,0,5.105,0
4670,14:10:00,14:10:00,146,11,,0,0,5.759,0
4670,14:11:00,14:11:00,143,12,,0,0,6.029,1
4670,14:12:00,14:12:00,144,13,,0,0,6.406,0
4670,14:12:00,14:12:00,145,14,,0,0,6.638,0
4670,14:14:00,14:14:00,165,15,,0,0,7.311,0
4670,14:15:00,14:15:00,152,16,,0,0,7.738,0
4670,14:19:00,14:19:00,190,17,,0,0,9.117,0
4670,14:20:00,14:20:00,86,18,,0,0,9.464,0
4670,14:22:00,14:22:00,148,19,,0,0,9.982,1
4710,15:20:00,15:20:00,85,0,,0,0,0.000,1
4710,15:21:00,15:21:00,86,1,,0,0,0.554,0
4710,15:25:00,15:25:00,135,2,,0,0,1.693,1
4710,15:25:00,15:25:00,136,3,,0,0,2.076,0
4710,15:26:00,15:26:00,137,4,,0,0,2.364,0
4710,15:27:00,15:27:00,138,5,,0,0,2.979,0
4710,15:28:00,15:28:00,139,6,,0,0,3.533,1
4710,15:28:00,15:28:00,151,7,,0,0,3.973,0
4710,15:28:00,15:28:00,140,8,,0,0,4.180,0
4710,15:29:00,15:29:00,141,9,,0,0,4.677,0
4710,15:29:00,15:29:00,142,10,,0,0,5.105,0
4710,15:30:00,15:30:00,146,11,,0,0,5.759,0
4710,15:31:00,15:31:00,143,12,,0,0,6.029,1
4710,15:32:00,15:32:00,144,13,,0,0,6.406,0
4710,15:32:00,15:32:00,145,14,,0,0,6.638,0
4710,15:34:00,15:34:00,165,15,,0,0,7.311,0
4710,15:35:00,15:35:00,152,16,,0,0,7.738,0
4710,15:39:00,15:39:00,190,17,,0,0,9.117,0
4710,15:40:00,15:40:00,86,18,,0,0,9.464,0
4710,15:42:00,15:42:00,148,19,,0,0,9.982,1
4750,16:00:00,16:00:00,85,0,,0,0,0.000,1
4750,16:01:00,16:01:00,86,1,,0,0,0.554,0
4750,16:05:00,16:05:00,135,2,,0,0,1.693,1
4750,16:05:00,16:05:00,136,3,,0,0,2.076,0
4750,16:06:00,16:06:00,137,4,,0,0,2.364,0
4750,16:07:00,16:07:00,138,5,,0,0,2.979,0
4750,16:08:00,16:08:00,139,6,,0,0,3.533,1
4750,16:08:00,16:08:00,151,7,,0,0,3.973,0
4750,16:08:00,16:08:00,140,8,,0,0,4.180,0
4750,16:09:00,16:09:00,141,9,,0,0,4.677,0
4750,16:09:00,16:09:00,142,10,,0,0,5.105,0
4750,16:10:00,16:10:00,146,11,,0,0,5.759,0
4750,16:11:00,16:11:00,143,12,,0,0,6.029,1
4750,16:12:00,16:12:00,144,13,,0,0,6.406,0
4750,16:12:00,16:12:00,145,14,,0,0,6.638,0
4750,16:14:00,16:14:00,165,15,,0,0,7.311,0
4750,16:15:00,16:15:00,152,16,,0,0,7.738,0
4750,16:19:00,16:19:00,190,17,,0,0,9.117,0
4750,16:20:00,16:20:00,86,18,,0,0,9.464,0
4750,16:22:00,16:22:00,148,19,,0,0,9.982,1
4790,16:45:00,16:45:00,85,0,,0,0,0.000,1
4790,16:46:00,16:46:00,86,1,,0,0,0.554,0
4790,16:50:00,16:50:00,135,2,,0,0,1.693,1
4790,16:50:00,16:50:00,136,3,,0,0,2.076,0
4790,16:51:00,16:51:00,137,4,,0,0,2.364,0
4790,16:52:00,16:52:00,138,5,,0,0,2.979,0
4790,16:53:00,16:53:00,139,6,,0,0,3.533,1
4790,16:53:00,16:53:00,151,7,,0,0,3.973,0
4790,16:53:00,16:53:00,140,8,,0,0,4.180,0
4790,16:54:00,16:54:00,141,9,,0,0,4.677,0
4790,16:54:00,16:54:00,142,10,,0,0,5.105,0
4790,16:55:00,16:55:00,146,11,,0,0,5.759,0
4790,16:56:00,16:56:00,143,12,,0,0,6.029,1
4790,16:57:00,16:57:00,144,13,,0,0,6.406,0
4790,16:57:00,16:57:00,145,14,,0,0,6.638,0
4790,16:59:00,16:59:00,165,15,,0,0,7.311,0
4790,17:00:00,17:00:00,152,16,,0,0,7.738,0
4790,17:04:00,17:04:00,190,17,,0,0,9.117,0
4790,17:05:00,17:05:00,86,18,,0,0,9.464,0
4790,17:07:00,17:07:00,148,19,,0,0,9.982,1
4830,17:30:00,17:30:00,85,0,,0,0,0.000,1
4830,17:31:00,17:31:00,86,1,,0,0,0.554,0
4830,17:35:00,17:35:00,135,2,,0,0,1.693,1
4830,17:35:00,17:35:00,136,3,,0,0,2.076,0
4830,17:36:00,17:36:00,137,4,,0,0,2.364,0
4830,17:37:00,17:37:00,138,5,,0,0,2.979,0
4830,17:38:00,17:38:00,139,6,,0,0,3.533,1
4830,17:38:00,17:38:00,151,7,,0,0,3.973,0
4830,17:38:00,17:38:00,140,8,,0,0,4.180,0
4830,17:39:00,17:39:00,141,9,,0,0,4.677,0
4830,17:39:00,17:39:00,142,10,,0,0,5.105,0
4830,17:40:00,17:40:00,146,11,,0,0,5.759,0
4830,17:41:00,17:41:00,143,12,,0,0,6.029,1
4830,17:42:00,17:42:00,144,13,,0,0,6.406,0
4830,17:42:00,17:42:00,145,14,,0,0,6.638,0
4830,17:44:00,17:44:00,165,15,,0,0,7.311,0
4830,17:45:00,17:45:00,152,16,,0,0,7.738,0
4830,17:49:00,17:49:00,190,17,,0,0,9.117,0
4830,17:50:00,17:50:00,86,18,,0,0,9.464,0
4830,17:52:00,17:52:00,148,19,,0,0,9.982,1
4871,08:00:00,08:00:00,85,0,,0,0,0.000,1
4871,08:00:00,08:00:00,86,1,,0,0,0.554,0
4871,08:04:00,08:04:00,102,2,,0,0,2.585,0
4871,08:04:00,08:04:00,103,3,,0,0,2.800,0
4871,08:05:00,08:05:00,104,4,,0,0,3.304,0
4871,08:06:00,08:06:00,183,5,,0,0,3.591,0
4871,08:06:00,08:06:00,105,6,,0,0,3.811,0
4871,08:09:00,08:09:00,107,7,,0,0,5.525,0
4871,08:10:00,08:10:00,108,8,,0,0,5.968,1
4871,08:11:00,08:11:00,109,9,,0,0,7.115,0
4871,08:14:00,08:14:00,162,10,,0,0,8.483,0
4871,08:16:00,08:16:00,166,11,,0,0,9.465,0
4871,08:25:00,08:25:00,187,12,,0,0,14.684,0
4871,08:26:00,08:26:00,157,13,,0,0,15.182,1
4871,08:26:00,08:26:00,167,14,,0,0,15.689,0
4871,08:28:00,08:28:00,78,15,,0,0,17.489,0
4871,08:29:00,08:29:00,158,16,,0,0,18.397,0
4871,08:30:00,08:30:00,168,17,,0,0,18.880,0
4871,08:33:00,08:33:00,110,18,,0,0,20.890,1
4871,08:33:00,08:33:00,111,19,,0,0,21.124,0
4871,08:34:00,08:34:00,112,20,,0,0,21.427,0
4871,08:35:00,08:35:00,113,21,,0,0,21.888,0
4871,08:36:00,08:36:00,114,22,,0,0,22.144,0
4871,08:37:00,08:37:00,186,23,,0,0,22.712,0
4871,08:38:00,08:38:00,190,24,,0,0,23.025,0
4871,08:39:00,08:39:00,86,25,,0,0,23.372,0
4871,08:41:00,08:41:00,148,26,,0,0,23.886,1
4925,09:30:00,09:30:00,85,0,,0,0,0.000,1
4925,09:30:00,09:30:00,86,1,,0,0,0.554,0
4925,09:34:00,09:34:00,102,2,,0,0,2.585,0
4925,09:34:00,09:34:00,103,3,,0,0,2.800,0
4925,09:35:00,09:35:00,104,4,,0,0,3.304,0
4925,09:36:00,09:36:00,183,5,,0,0,3.591,0
4925,09:36:00,09:36:00,105,6,,0,0,3.811,0
4925,09:39:00,09:39:00,107,7,,0,0,5.525,0
4925,09:40:00,09:40:00,108,8,,0,0,5.968,1
4925,09:41:00,09:41:00,109,9,,0,0,7.115,0
4925,09:44:00,09:44:00,162,10,,0,0,8.483,0
4925,09:46:00,09:46:00,166,11,,0,0,9.465,0
4925,09:55:00,09:55:00,187,12,,0,0,14.684,0
4925,09:56:00,09:56:00,157,13,,0,0,15.182,1
4925,09:56:00,09:56:00,167,14,,0,0,15.689,0
4925,09:58:00,09:58:00,78,15,,0,0,17.489,0
4925,09:59:00,09:59:00,158,16,,0,0,18.397,0
4925,10:00:00,10:00:00,168,17,,0,0,18.880,0
4925,10:03:00,10:03:00,110,18,,0,0,20.890,1
4925,10:03:00,10:03:00,111,19,,0,0,21.124,0
4925,10:04:00,10:04:00,112,20,,0,0,21.427,0
4925,10:05:00,10:05:00,113,21,,0,0,21.888,0
4925,10:06:00,10:06:00,114,22,,0,0,22.144,0
4925,10:07:00,10:07:00,186,23,,0,0,22.712,0
4925,10:08:00,10:08:00,190,24,,0,0,23.025,0
4925,10:09:00,10:09:00,86,25,,0,0,23.372,0
4925,10:11:00,10:11:00,148,26,,0,0,23.886,1
4979,11:00:00,11:00:00,85,0,,0,0,0.000,1
4979,11:00:00,11:00:00,86,1,,0,0,0.554,0
4979,11:04:00,11:04:00,102,2,,0,0,2.585,0
4979,11:04:00,11:04:00,103,3,,0,0,2.800,0
4979,11:05:00,11:05:00,104,4,,0,0,3.304,0
4979,11:06:00,11:06:00,183,5,,0,0,3.591,0
4979,11:06:00,11:06:00,105,6,,0,0,3.811,0
4979,11:09:00,11:09:00,107,7,,0,0,5.525,0
4979,11:10:00,11:10:00,108,8,,0,0,5.968,1
4979,11:11:00,11:11:00,109,9,,0,0,7.115,0
4979,11:14:00,11:14:00,162,10,,0,0,8.483,0
4979,11:16:00,11:16:00,166,11,,0,0,9.465,0
4979,11:25:00,11:25:00,187,12,,0,0,14.684,0
4979,11:26:00,11:26:00,157,13,,0,0,15.182,1
4979,11:26:00,11:26:00,167,14,,0,0,15.689,0
4979,11:28:00,11:28:00,78,15,,0,0,17.489,0
4979,11:29:00,11:29:00,158,16,,0,0,18.397,0
4979,11:30:00,11:30:00,168,17,,0,0,18.880,0
4979,11:33:00,11:33:00,110,18,,0,0,20.890,1
4979,11:33:00,11:33:00,111,19,,0,0,21.124,0
4979,11:34:00,11:34:00,112,20,,0,0,21.427,0
4979,11:35:00,11:35:00,113,21,,0,0,21.888,0
4979,11:36:00,11:36:00,114,22,,0,0,22.144,0
4979,11:37:00,11:37:00,186,23,,0,0,22.712,0
4979,11:38:00,11:38:00,190,24,,0,0,23.025,0
4979,11:39:00,11:39:00,86,25,,0,0,23.372,0
4979,11:41:00,11:41:00,148,26,,0,0,23.886,1
5033,14:00:00,14:00:00,85,0,,0,0,0.000,1
5033,14:00:00,14:00:00,86,1,,0,0,0.554,0
5033,14:04:00,14:04:00,102,2,,0,0,2.585,0
5033,14:04:00,14:04:00,103,3,,0,0,2.800,0
5033,14:05:00,14:05:00,104,4,,0,0,3.304,0
5033,14:06:00,14:06:00,183,5,,0,0,3.591,0
5033,14:06:00,14:06:00,105,6,,0,0,3.811,0
5033,14:09:00,14:09:00,107,7,,0,0,5.525,0
5033,14:10:00,14:10:00,108,8,,0,0,5.968,1
5033,14:11:00,14:11:00,109,9,,0,0,7.115,0
5033,14:14:00,14:14:00,162,10,,0,0,8.483,0
5033,14:16:00,14:16:00,166,11,,0,0,9.465,0
5033,14:25:00,14:25:00,187,12,,0,0,14.684,0
5033,14:26:00,14:26:00,157,13,,0,0,15.182,1
5033,14:26:00,14:26:00,167,14,,0,0,15.689,0
5033,14:28:00,14:28:00,78,15,,0,0,17.489,0
5033,14:29:00,14:29:00,158,16,,0,0,18.397,0
5033,14:30:00,14:30:00,168,17,,0,0,18.880,0
5033,14:33:00,14:33:00,110,18,,0,0,20.890,1
5033,14:33:00,14:33:00,111,19,,0,0,21.124,0
5033,14:34:00,14:34:00,112,20,,0,0,21.427,0
5033,14:35:00,14:35:00,113,21,,0,0,21.888,0
5033,14:36:00,14:36:00,114,22,,0,0,22.144,0
5033,14:37:00,14:37:00,186,23,,0,0,22.712,0
5033,14:38:00,14:38:00,190,24,,0,0,23.025,0
5033,14:39:00,14:39:00,86,25,,0,0,23.372,0
5033,14:41:00,14:41:00,148,26,,0,0,23.886,1
5088,07:00:00,07:00:00,85,0,,0,0,0.000,1
5088,07:00:00,07:00:00,86,1,,0,0,0.554,0
5088,07:04:00,07:04:00,102,2,,0,0,2.585,0
5088,07:04:00,07:04:00,103,3,,0,0,2.800,0
5088,07:05:00,07:05:00,104,4,,0,0,3.304,0
5088,07:06:00,07:06:00,183,5,,0,0,3.591,0
5088,07:06:00,07:06:00,105,6,,0,0,3.811,0
5088,07:09:00,07:09:00,107,7,,0,0,5.525,0
5088,07:10:00,07:10:00,108,8,,0,0,5.968,1
5088,07:12:00,07:12:00,109,9,,0,0,7.115,0
5088,07:14:00,07:14:00,162,10,,0,0,8.483,0
5088,07:16:00,07:16:00,166,11,,0,0,9.465,0
5088,07:18:00,07:18:00,157,12,,0,0,10.291,1
5088,07:18:00,07:18:00,167,13,,0,0,10.798,0
5088,07:21:00,07:21:00,78,14,,0,0,12.598,0
5088,07:23:00,07:23:00,158,15,,0,0,13.506,0
5088,07:23:00,07:23:00,168,16,,0,0,13.989,0
5088,07:27:00,07:27:00,110,17,,0,0,15.999,1
5088,07:28:00,07:28:00,111,18,,0,0,16.233,0
5088,07:29:00,07:29:00,112,19,,0,0,16.536,0
5088,07:31:00,07:31:00,113,20,,0,0,16.997,0
5088,07:32:00,07:32:00,114,21,,0,0,17.253,0
5088,07:34:00,07:34:00,186,22,,0,0,17.821,0
5088,07:36:00,07:36:00,190,23,,0,0,18.134,0
5088,07:37:00,07:37:00,86,24,,0,0,18.481,0
5088,07:40:00,07:40:00,148,25,,0,0,18.995,1
5140,08:00:00,08:00:00,85,0,,0,0,0.000,1
5140,08:00:00,08:00:00,86,1,,0,0,0.554,0
5140,08:04:00,08:04:00,102,2,,0,0,2.585,0
5140,08:04:00,08:04:00,103,3,,0,0,2.800,0
5140,08:05:00,08:05:00,104,4,,0,0,3.304,0
5140,08:06:00,08:06:00,183,5,,0,0,3.591,0
5140,08:06:00,08:06:00,105,6,,0,0,3.811,0
5140,08:09:00,08:09:00,107,7,,0,0,5.525,0
5140,08:10:00,08:10:00,108,8,,0,0,5.968,1
5140,08:12:00,08:12:00,109,9,,0,0,7.115,0
5140,08:14:00,08:14:00,162,10,,0,0,8.483,0
5140,08:16:00,08:16:00,166,11,,0,0,9.465,0
5140,08:18:00,08:18:00,157,12,,0,0,10.291,1
5140,08:18:00,08:18:00,167,13,,0,0,10.798,0
5140,08:21:00,08:21:00,78,14,,0,0,12.598,0
5140,08:23:00,08:23:00,158,15,,0,0,13.506,0
5140,08:23:00,08:23:00,168,16,,0,0,13.989,0
5140,08:27:00,08:27:00,110,17,,0,0,15.999,1
5140,08:28:00,08:28:00,111,18,,0,0,16.233,0
5140,08:29:00,08:29:00,112,19,,0,0,16.536,0
5140,08:31:00,08:31:00,113,20,,0,0,16.997,0
5140,08:32:00,08:32:00,114,21,,0,0,17.253,0
5140,08:34:00,08:34:00,186,22,,0,0,17.821,0
5140,08:36:00,08:36:00,190,23,,0,0,18.134,0
5140,08:37:00,08:37:00,86,24,,0,0,18.481,0
5140,08:40:00,08:40:00,148,25,,0,0,18.995,1
5192,08:45:00,08:45:00,85,0,,0,0,0.000,1
5192,08:45:00,08:45:00,86,1,,0,0,0.554,0
5192,08:49:00,08:49:00,102,2,,0,0,2.585,0
5192,08:49:00,08:49:00,103,3,,0,0,2.800,0
5192,08:50:00,08:50:00,104,4,,0,0,3.304,0
5192,08:51:00,08:51:00,183,5,,0,0,3.591,0
5192,08:51:00,08:51:00,105,6,,0,0,3.811,0
5192,08:54:00,08:54:00,107,7,,0,0,5.525,0
5192,08:55:00,08:55:00,108,8,,0,0,5.968,1
5192,08:56:00,08:56:00,109,9,,0,0,7.115,0
5192,08:59:00,08:59:00,162,10,,0,0,8.483,0
5192,09:01:00,09:01:00,166,11,,0,0,9.465,0
5192,09:10:00,09:10:00,187,12,,0,0,14.684,0
5192,09:11:00,09:11:00,157,13,,0,0,15.182,1
5192,09:11:00,09:11:00,167,14,,0,0,15.689,0
5192,09:13:00,09:13:00,78,15,,0,0,17.489,0
5192,09:14:00,09:14:00,158,16,,0,0,18.397,0
5192,09:15:00,09:15:00,168,17,,0,0,18.880,0
5192,09:18:00,09:18:00,110,18,,0,0,20.890,1
5192,09:18:00,09:18:00,111,19,,0,0,21.124,0
5192,09:19:00,09:19:00,112,20,,0,0,21.427,0
5192,09:20:00,09:20:00,113,21,,0,0,21.888,0
5192,09:21:00,09:21:00,114,22,,0,0,22.144,0
5192,09:22:00,09:22:00,186,23,,0,0,22.712,0
5192,09:23:00,09:23:00,190,24,,0,0,23.025,0
5192,09:24:00,09:24:00,86,25,,0,0,23.372,0
5192,09:26:00,09:26:00,148,26,,0,0,23.886,1
5246,10:15:00,10:15:00,85,0,,0,0,0.000,1
5246,10:15:00,10:15:00,86,1,,0,0,0.554,0
5246,10:19:00,10:19:00,102,2,,0,0,2.585,0
5246,10:19:00,10:19:00,103,3,,0,0,2.800,0
5246,10:20:00,10:20:00,104,4,,0,0,3.304,0
5246,10:21:00,10:21:00,183,5,,0,0,3.591,0
5246,10:21:00,10:21:00,105,6,,0,0,3.811,0
5246,10:24:00,10:24:00,107,7,,0,0,5.525,0
5246,10:25:00,10:25:00,108,8,,0,0,5.968,1
5246,10:26:00,10:26:00,109,9,,0,0,7.115,0
5246,10:29:00,10:29:00,162,10,,0,0,8.483,0
5246,10:31:00,10:31:00,166,11,,0,0,9.465,0
5246,10:40:00,10:40:00,187,12,,0,0,14.684,0
5246,10:41:00,10:41:00,157,13,,0,0,15.182,1
5246,10:41:00,10:41:00,167,14,,0,0,15.689,0
5246,10:43:00,10:43:00,78,15,,0,0,17.489,0
5246,10:44:00,10:44:00,158,16,,0,0,18.397,0
5246,10:45:00,10:45:00,168,17,,0,0,18.880,0
5246,10:48:00,10:48:00,110,18,,0,0,20.890,1
5246,10:48:00,10:48:00,111,19,,0,0,21.124,0
5246,10:49:00,10:49:00,112,20,,0,0,21.427,0
5246,10:50:00,10:50:00,113,21,,0,0,21.888,0
5246,10:51:00,10:51:00,114,22,,0,0,22.144,0
5246,10:52:00,10:52:00,186,23,,0,0,22.712,0
5246,10:53:00,10:53:00,190,24,,0,0,23.025,0
5246,10:54:00,10:54:00,86,25,,0,0,23.372,0
5246,10:56:00,10:56:00,148,26,,0,0,23.886,1
5300,11:45:00,11:45:00,85,0,,0,0,0.000,1
5300,11:45:00,11:45:00,86,1,,0,0,0.554,0
5300,11:49:00,11:49:00,102,2,,0,0,2.585,0
5300,11:49:00,11:49:00,103,3,,0,0,2.800,0
5300,11:50:00,11:50:00,104,4,,0,0,3.304,0
5300,11:51:00,11:51:00,183,5,,0,0,3.591,0
5300,11:51:00,11:51:00,105,6,,0,0,3.811,0
5300,11:54:00,11:54:00,107,7,,0,0,5.525,0
5300,11:55:00,11:55:00,108,8,,0,0,5.968,1
5300,11:56:00,11:56:00,109,9,,0,0,7.115,0
5300,11:59:00,11:59:00,162,10,,0,0,8.483,0
5300,12:01:00,12:01:00,166,11,,0,0,9.465,0
5300,12:10:00,12:10:00,187,12,,0,0,14.684,0
5300,12:11:00,12:11:00,157,13,,0,0,15.182,1
5300,12:11:00,12:11:00,167,14,,0,0,15.689,0
5300,12:13:00,12:13:00,78,15,,0,0,17.489,0
5300,12:14:00,12:14:00,158,16,,0,0,18.397,0
5300,12:15:00,12:15:00,168,17,,0,0,18.880,0
5300,12:18:00,12:18:00,110,18,,0,0,20.890,1
5300,12:18:00,12:18:00,111,19,,0,0,21.124,0
5300,12:19:00,12:19:00,112,20,,0,0,21.427,0
5300,12:20:00,12:20:00,113,21,,0,0,21.888,0
5300,12:21:00,12:21:00,114,22,,0,0,22.144,0
5300,12:22:00,12:22:00,186,23,,0,0,22.712,0
5300,12:23:00,12:23:00,190,24,,0,0,23.025,0
5300,12:24:00,12:24:00,86,25,,0,0,23.372,0
5300,12:26:00,12:26:00,148,26,,0,0,23.886,1
5354,13:00:00,13:00:00,85,0,,0,0,0.000,1
5354,13:00:00,13:00:00,86,1,,0,0,0.554,0
5354,13:04:00,13:04:00,102,2,,0,0,2.585,0
5354,13:04:00,13:04:00,103,3,,0,0,2.800,0
5354,13:05:00,13:05:00,104,4,,0,0,3.304,0
5354,13:06:00,13:06:00,183,5,,0,0,3.591,0
5354,13:06:00,13:06:00,105,6,,0,0,3.811,0
5354,13:09:00,13:09:00,107,7,,0,0,5.525,0
5354,13:10:00,13:10:00,108,8,,0,0,5.968,1
5354,13:11:00,13:11:00,109,9,,0,0,7.115,0
5354,13:14:00,13:14:00,162,10,,0,0,8.483,0
5354,13:16:00,13:16:00,166,11,,0,0,9.465,0
5354,13:25:00,13:25:00,187,12,,0,0,14.684,0
5354,13:26:00,13:26:00,157,13,,0,0,15.182,1
5354,13:26:00,13:26:00,167,14,,0,0,15.689,0
5354,13:28:00,13:28:00,78,15,,0,0,17.489,0
5354,13:29:00,13:29:00,158,16,,0,0,18.397,0
5354,13:30:00,13:30:00,168,17,,0,0,18.880,0
5354,13:33:00,13:33:00,110,18,,0,0,20.890,1
5354,13:33:00,13:33:00,111,19,,0,0,21.124,0
5354,13:34:00,13:34:00,112,20,,0,0,21.427,0
5354,13:35:00,13:35:00,113,21,,0,0,21.888,0
5354,13:36:00,13:36:00,114,22,,0,0,22.144,0
5354,13:37:00,13:37:00,186,23,,0,0,22.712,0
5354,13:38:00,13:38:00,190,24,,0,0,23.025,0
5354,13:39:00,13:39:00,86,25,,0,0,23.372,0
5354,13:41:00,13:41:00,148,26,,0,0,23.886,1
5408,14:30:00,14:30:00,85,0,,0,0,0.000,1
5408,14:30:00,14:30:00,86,1,,0,0,0.554,0
5408,14:34:00,14:34:00,102,2,,0,0,2.585,0
5408,14:34:00,14:34:00,103,3,,0,0,2.800,0
5408,14:35:00,14:35:00,104,4,,0,0,3.304,0
5408,14:36:00,14:36:00,183,5,,0,0,3.591,0
5408,14:36:00,14:36:00,105,6,,0,0,3.811,0
5408,14:39:00,14:39:00,107,7,,0,0,5.525,0
5408,14:40:00,14:40:00,108,8,,0,0,5.968,1
5408,14:41:00,14:41:00,109,9,,0,0,7.115,0
5408,14:44:00,14:44:00,162,10,,0,0,8.483,0
5408,14:46:00,14:46:00,166,11,,0,0,9.465,0
5408,14:55:00,14:55:00,187,12,,0,0,14.684,0
5408,14:56:00,14:56:00,157,13,,0,0,15.182,1
5408,14:56:00,14:56:00,167,14,,0,0,15.689,0
5408,14:58:00,14:58:00,78,15,,0,0,17.489,0
5408,14:59:00,14:59:00,158,16,,0,0,18.397,0
5408,15:00:00,15:00:00,168,17,,0,0,18.880,0
5408,15:03:00,15:03:00,110,18,,0,0,20.890,1
5408,15:03:00,15:03:00,111,19,,0,0,21.124,0
5408,15:04:00,15:04:00,112,20,,0,0,21.427,0
5408,15:05:00,15:05:00,113,21,,0,0,21.888,0
5408,15:06:00,15:06:00,114,22,,0,0,22.144,0
5408,15:07:00,15:07:00,186,23,,0,0,22.712,0
5408,15:08:00,15:08:00,190,24,,0,0,23.025,0
5408,15:09:00,15:09:00,86,25,,0,0,23.372,0
5408,15:11:00,15:11:00,148,26,,0,0,23.886,1
5462,16:00:00,16:00:00,85,0,,0,0,0.000,1
5462,16:00:00,16:00:00,86,1,,0,0,0.554,0
5462,16:04:00,16:04:00,102,2,,0,0,2.585,0
5462,16:04:00,16:04:00,103,3,,0,0,2.800,0
5462,16:05:00,16:05:00,104,4,,0,0,3.304,0
5462,16:06:00,16:06:00,183,5,,0,0,3.591,0
5462,16:06:00,16:06:00,105,6,,0,0,3.811,0
5462,16:09:00,16:09:00,107,7,,0,0,5.525,0
5462,16:10:00,16:10:00,108,8,,0,0,5.968,1
5462,16:12:00,16:12:00,109,9,,0,0,7.115,0
5462,16:14:00,16:14:00,162,10,,0,0,8.483,0
5462,16:16:00,16:16:00,166,11,,0,0,9.465,0
5462,16:18:00,16:18:00,157,12,,0,0,10.291,1
5462,16:18:00,16:18:00,167,13,,0,0,10.798,0
5462,16:21:00,16:21:00,78,14,,0,0,12.598,0
5462,16:23:00,16:23:00,158,15,,0,0,13.506,0
5462,16:23:00,16:23:00,168,16,,0,0,13.989,0
5462,16:27:00,16:27:00,110,17,,0,0,15.999,1
5462,16:28:00,16:28:00,111,18,,0,0,16.233,0
5462,16:29:00,16:29:00,112,19,,0,0,16.536,0
5462,16:31:00,16:31:00,113,20,,0,0,16.997,0
5462,16:32:00,16:32:00,114,21,,0,0,17.253,0
5462,16:34:00,16:34:00,186,22,,0,0,17.821,0
5462,16:36:00,16:36:00,190,23,,0,0,18.134,0
5462,16:37:00,16:37:00,86,24,,0,0,18.481,0
5462,16:40:00,16:40:00,148,25,,0,0,18.995,1
5514,16:45:00,16:45:00,85,0,,0,0,0.000,1
5514,16:45:00,16:45:00,86,1,,0,0,0.554,0
5514,16:49:00,16:49:00,102,2,,0,0,2.585,0
5514,16:49:00,16:49:00,103,3,,0,0,2.800,0
5514,16:50:00,16:50:00,104,4,,0,0,3.304,0
5514,16:51:00,16:51:00,183,5,,0,0,3.591,0
5514,16:51:00,16:51:00,105,6,,0,0,3.811,0
5514,16:54:00,16:54:00,107,7,,0,0,5.525,0
5514,16:55:00,16:55:00,108,8,,0,0,5.968,1
5514,16:57:00,16:57:00,109,9,,0,0,7.115,0
5514,16:59:00,16:59:00,162,10,,0,0,8.483,0
5514,17:01:00,17:01:00,166,11,,0,0,9.465,0
5514,17:03:00,17:03:00,157,12,,0,0,10.291,1
5514,17:03:00,17:03:00,167,13,,0,0,10.798,0
5514,17:06:00,17:06:00,78,14,,0,0,12.598,0
5514,17:08:00,17:08:00,158,15,,0,0,13.506,0
5514,17:08:00,17:08:00,168,16,,0,0,13.989,0
5514,17:12:00,17:12:00,110,17,,0,0,15.999,1
5514,17:13:00,17:13:00,111,18,,0,0,16.233,0
5514,17:14:00,17:14:00,112,19,,0,0,16.536,0
5514,17:16:00,17:16:00,113,20,,0,0,16.997,0
5514,17:17:00,17:17:00,114,21,,0,0,17.253,0
5514,17:19:00,17:19:00,186,22,,0,0,17.821,0
5514,17:21:00,17:21:00,190,23,,0,0,18.134,0
5514,17:22:00,17:22:00,86,24,,0,0,18.481,0
5514,17:25:00,17:25:00,148,25,,0,0,18.995,1
5566,17:30:00,17:30:00,85,0,,0,0,0.000,1
5566,17:30:00,17:30:00,86,1,,0,0,0.554,0
5566,17:34:00,17:34:00,102,2,,0,0,2.585,0
5566,17:34:00,17:34:00,103,3,,0,0,2.800,0
5566,17:35:00,17:35:00,104,4,,0,0,3.304,0
5566,17:36:00,17:36:00,183,5,,0,0,3.591,0
5566,17:36:00,17:36:00,105,6,,0,0,3.811,0
5566,17:39:00,17:39:00,107,7,,0,0,5.525,0
5566,17:40:00,17:40:00,108,8,,0,0,5.968,1
5566,17:42:00,17:42:00,109,9,,0,0,7.115,0
5566,17:44:00,17:44:00,162,10,,0,0,8.483,0
5566,17:46:00,17:46:00,166,11,,0,0,9.465,0
5566,17:48:00,17:48:00,157,12,,0,0,10.291,1
5566,17:48:00,17:48:00,167,13,,0,0,10.798,0
5566,17:51:00,17:51:00,78,14,,0,0,12.598,0
5566,17:53:00,17:53:00,158,15,,0,0,13.506,0
5566,17:53:00,17:53:00,168,16,,0,0,13.989,0
5566,17:57:00,17:57:00,110,17,,0,0,15.999,1
5566,17:58:00,17:58:00,111,18,,0,0,16.233,0
5566,17:59:00,17:59:00,112,19,,0,0,16.536,0
5566,18:01:00,18:01:00,113,20,,0,0,16.997,0
5566,18:02:00,18:02:00,114,21,,0,0,17.253,0
5566,18:04:00,18:04:00,186,22,,0,0,17.821,0
5566,18:06:00,18:06:00,190,23,,0,0,18.134,0
5566,18:07:00,18:07:00,86,24,,0,0,18.481,0
5566,18:10:00,18:10:00,148,25,,0,0,18.995,1
5619,08:45:00,08:45:00,85,0,,0,0,0.000,1
5619,08:46:00,08:46:00,86,1,,0,0,0.554,0
5619,08:49:00,08:49:00,115,2,,0,0,2.503,0
5619,08:50:00,08:50:00,116,3,,0,0,2.984,0
5619,08:52:00,08:52:00,118,4,,0,0,3.778,0
5619,08:53:00,08:53:00,119,5,,0,0,4.246,0
5619,08:54:00,08:54:00,120,6,,0,0,4.653,1
5619,08:54:00,08:54:00,121,7,,0,0,5.005,0
5619,08:55:00,08:55:00,122,8,,0,0,5.331,0
5619,08:55:00,08:55:00,169,9,,0,0,5.494,0
5619,08:56:00,08:56:00,163,10,,0,0,5.925,0
5619,08:56:00,08:56:00,176,11,,0,0,6.251,0
5619,08:57:00,08:57:00,155,12,,0,0,6.787,0
5619,08:59:00,08:59:00,177,13,,0,0,8.336,0
5619,09:00:00,09:00:00,178,14,,0,0,8.651,0
5619,09:01:00,09:01:00,123,15,,0,0,9.110,0
5619,09:03:00,09:03:00,191,16,,0,0,10.472,0
5619,09:05:00,09:05:00,147,17,,0,0,11.983,0
5619,09:06:00,09:06:00,179,18,,0,0,12.379,0
5619,09:07:00,09:07:00,124,19,,0,0,12.885,1
5619,09:07:00,09:07:00,125,20,,0,0,13.182,0
5619,09:08:00,09:08:00,126,21,,0,0,13.484,0
5619,09:09:00,09:09:00,127,22,,0,0,13.825,0
5619,09:10:00,09:10:00,128,23,,0,0,14.124,0
5619,09:12:00,09:12:00,129,24,,0,0,14.935,1
5619,09:12:00,09:12:00,130,25,,0,0,15.408,0
5619,09:13:00,09:13:00,131,26,,0,0,15.800,0
5619,09:14:00,09:14:00,171,27,,0,0,16.792,0
5619,09:14:00,09:14:00,174,28,,0,0,17.146,0
5619,09:15:00,09:15:00,180,29,,0,0,17.691,0
5619,09:16:00,09:16:00,156,30,,0,0,18.045,1
5619,09:17:00,09:17:00,181,31,,0,0,18.665,0
5619,09:19:00,09:19:00,182,32,,0,0,19.743,0
5619,09:22:00,09:22:00,190,33,,0,0,21.226,0
5619,09:22:00,09:22:00,86,34,,0,0,21.573,0
5619,09:24:00,09:24:00,148,35,,0,0,22.091,1
5691,10:18:00,10:18:00,85,0,,0,0,0.000,1
5691,10:19:00,10:19:00,86,1,,0,0,0.554,0
5691,10:22:00,10:22:00,115,2,,0,0,2.503,0
5691,10:23:00,10:23:00,116,3,,0,0,2.984,0
5691,10:25:00,10:25:00,118,4,,0,0,3.778,0
5691,10:26:00,10:26:00,119,5,,0,0,4.246,0
5691,10:27:00,10:27:00,120,6,,0,0,4.653,1
5691,10:27:00,10:27:00,121,7,,0,0,5.005,0
5691,10:28:00,10:28:00,122,8,,0,0,5.331,0
5691,10:28:00,10:28:00,169,9,,0,0,5.494,0
5691,10:29:00,10:29:00,163,10,,0,0,5.925,0
5691,10:29:00,10:29:00,176,11,,0,0,6.251,0
5691,10:30:00,10:30:00,155,12,,0,0,6.787,0
5691,10:32:00,10:32:00,177,13,,0,0,8.336,0
5691,10:33:00,10:33:00,178,14,,0,0,8.651,0
5691,10:34:00,10:34:00,123,15,,0,0,9.110,0
5691,10:36:00,10:36:00,191,16,,0,0,10.472,0
5691,10:38:00,10:38:00,147,17,,0,0,11.983,0
5691,10:39:00,10:39:00,179,18,,0,0,12.379,0
5691,10:40:00,10:40:00,124,19,,0,0,12.885,1
5691,10:40:00,10:40:00,125,20,,0,0,13.182,0
5691,10:41:00,10:41:00,126,21,,0,0,13.484,0
5691,10:42:00,10:42:00,127,22,,0,0,13.825,0
5691,10:43:00,10:43:00,128,23,,0,0,14.124,0
5691,10:45:00,10:45:00,129,24,,0,0,14.935,1
5691,10:45:00,10:45:00,130,25,,0,0,15.408,0
5691,10:46:00,10:46:00,131,26,,0,0,15.800,0
5691,10:47:00,10:47:00,171,27,,0,0,16.792,0
5691,10:47:00,10:47:00,174,28,,0,0,17.146,0
5691,10:48:00,10:48:00,180,29,,0,0,17.691,0
5691,10:49:00,10:49:00,156,30,,0,0,18.045,1
5691,10:50:00,10:50:00,181,31,,0,0,18.665,0
5691,10:52:00,10:52:00,182,32,,0,0,19.743,0
5691,10:55:00,10:55:00,190,33,,0,0,21.226,0
5691,10:55:00,10:55:00,86,34,,0,0,21.573,0
5691,10:57:00,10:57:00,148,35,,0,0,22.091,1
5763,12:00:00,12:00:00,85,0,,0,0,0.000,1
5763,12:01:00,12:01:00,86,1,,0,0,0.554,0
5763,12:04:00,12:04:00,115,2,,0,0,2.503,0
5763,12:05:00,12:05:00,116,3,,0,0,2.984,0
5763,12:07:00,12:07:00,118,4,,0,0,3.778,0
5763,12:08:00,12:08:00,119,5,,0,0,4.246,0
5763,12:09:00,12:09:00,120,6,,0,0,4.653,1
5763,12:09:00,12:09:00,121,7,,0,0,5.005,0
5763,12:10:00,12:10:00,122,8,,0,0,5.331,0
5763,12:10:00,12:10:00,169,9,,0,0,5.494,0
5763,12:11:00,12:11:00,163,10,,0,0,5.925,0
5763,12:11:00,12:11:00,176,11,,0,0,6.251,0
5763,12:12:00,12:12:00,155,12,,0,0,6.787,0
5763,12:14:00,12:14:00,177,13,,0,0,8.336,0
5763,12:15:00,12:15:00,178,14,,0,0,8.651,0
5763,12:16:00,12:16:00,123,15,,0,0,9.110,0
5763,12:18:00,12:18:00,191,16,,0,0,10.472,0
5763,12:20:00,12:20:00,147,17,,0,0,11.983,0
5763,12:21:00,12:21:00,179,18,,0,0,12.379,0
5763,12:22:00,12:22:00,124,19,,0,0,12.885,1
5763,12:22:00,12:22:00,125,20,,0,0,13.182,0
5763,12:23:00,12:23:00,126,21,,0,0,13.484,0
5763,12:24:00,12:24:00,127,22,,0,0,13.825,0
5763,12:25:00,12:25:00,128,23,,0,0,14.124,0
5763,12:27:00,12:27:00,129,24,,0,0,14.935,1
5763,12:27:00,12:27:00,130,25,,0,0,15.408,0
5763,12:28:00,12:28:00,131,26,,0,0,15.800,0
5763,12:29:00,12:29:00,171,27,,0,0,16.792,0
5763,12:29:00,12:29:00,174,28,,0,0,17.146,0
5763,12:30:00,12:30:00,180,29,,0,0,17.691,0
5763,12:31:00,12:31:00,156,30,,0,0,18.045,1
5763,12:32:00,12:32:00,181,31,,0,0,18.665,0
5763,12:34:00,12:34:00,182,32,,0,0,19.743,0
5763,12:37:00,12:37:00,190,33,,0,0,21.226,0
5763,12:37:00,12:37:00,86,34,,0,0,21.573,0
5763,12:39:00,12:39:00,148,35,,0,0,22.091,1
5835,15:00:00,15:00:00,85,0,,0,0,0.000,1
5835,15:01:00,15:01:00,86,1,,0,0,0.554,0
5835,15:04:00,15:04:00,115,2,,0,0,2.503,0
5835,15:05:00,15:05:00,116,3,,0,0,2.984,0
5835,15:07:00,15:07:00,118,4,,0,0,3.778,0
5835,15:08:00,15:08:00,119,5,,0,0,4.246,0
5835,15:09:00,15:09:00,120,6,,0,0,4.653,1
5835,15:09:00,15:09:00,121,7,,0,0,5.005,0
5835,15:10:00,15:10:00,122,8,,0,0,5.331,0
5835,15:10:00,15:10:00,169,9,,0,0,5.494,0
5835,15:11:00,15:11:00,163,10,,0,0,5.925,0
5835,15:11:00,15:11:00,176,11,,0,0,6.251,0
5835,15:12:00,15:12:00,155,12,,0,0,6.787,0
5835,15:14:00,15:14:00,177,13,,0,0,8.336,0
5835,15:15:00,15:15:00,178,14,,0,0,8.651,0
5835,15:16:00,15:16:00,123,15,,0,0,9.110,0
5835,15:18:00,15:18:00,191,16,,0,0,10.472,0
5835,15:20:00,15:20:00,147,17,,0,0,11.983,0
5835,15:21:00,15:21:00,179,18,,0,0,12.379,0
5835,15:22:00,15:22:00,124,19,,0,0,12.885,1
5835,15:22:00,15:22:00,125,20,,0,0,13.182,0
5835,15:23:00,15:23:00,126,21,,0,0,13.484,0
5835,15:24:00,15:24:00,127,22,,0,0,13.825,0
5835,15:25:00,15:25:00,128,23,,0,0,14.124,0
5835,15:27:00,15:27:00,129,24,,0,0,14.935,1
5835,15:27:00,15:27:00,130,25,,0,0,15.408,0
5835,15:28:00,15:28:00,131,26,,0,0,15.800,0
5835,15:29:00,15:29:00,171,27,,0,0,16.792,0
5835,15:29:00,15:29:00,174,28,,0,0,17.146,0
5835,15:30:00,15:30:00,180,29,,0,0,17.691,0
5835,15:31:00,15:31:00,156,30,,0,0,18.045,1
5835,15:32:00,15:32:00,181,31,,0,0,18.665,0
5835,15:34:00,15:34:00,182,32,,0,0,19.743,0
5835,15:37:00,15:37:00,190,33,,0,0,21.226,0
5835,15:37:00,15:37:00,86,34,,0,0,21.573,0
5835,15:39:00,15:39:00,148,35,,0,0,22.091,1
5908,07:00:00,07:00:00,85,0,,0,0,0.000,1
5908,07:01:00,07:01:00,86,1,,0,0,0.554,0
5908,07:04:00,07:04:00,115,2,,0,0,2.503,0
5908,07:05:00,07:05:00,116,3,,0,0,2.984,0
5908,07:07:00,07:07:00,118,4,,0,0,3.778,0
5908,07:08:00,07:08:00,119,5,,0,0,4.246,0
5908,07:09:00,07:09:00,120,6,,0,0,4.653,1
5908,07:09:00,07:09:00,121,7,,0,0,5.005,0
5908,07:09:00,07:09:00,122,8,,0,0,5.331,0
5908,07:10:00,07:10:00,169,9,,0,0,5.494,0
5908,07:10:00,07:10:00,163,10,,0,0,5.925,0
5908,07:11:00,07:11:00,176,11,,0,0,6.251,0
5908,07:12:00,07:12:00,155,12,,0,0,6.787,0
5908,07:14:00,07:14:00,177,13,,0,0,8.336,0
5908,07:14:00,07:14:00,178,14,,0,0,8.651,0
5908,07:15:00,07:15:00,123,15,,0,0,9.110,0
5908,07:17:00,07:17:00,191,16,,0,0,10.472,0
5908,07:18:00,07:18:00,124,17,,0,0,11.044,1
5908,07:18:00,07:18:00,125,18,,0,0,11.341,0
5908,07:19:00,07:19:00,126,19,,0,0,11.643,0
5908,07:19:00,07:19:00,127,20,,0,0,11.984,0
5908,07:20:00,07:20:00,128,21,,0,0,12.283,0
5908,07:22:00,07:22:00,129,22,,0,0,13.094,1
5908,07:23:00,07:23:00,130,23,,0,0,13.567,0
5908,07:24:00,07:24:00,131,24,,0,0,13.959,0
5908,07:27:00,07:27:00,170,25,,0,0,14.868,1
5908,07:30:00,07:30:00,83,26,,0,0,15.976,0
5908,07:34:00,07:34:00,190,27,,0,0,17.348,0
5908,07:35:00,07:35:00,86,28,,0,0,17.695,0
5908,07:37:00,07:37:00,148,29,,0,0,18.213,1
5968,08:00:00,08:00:00,85,0,,0,0,0.000,1
5968,08:01:00,08:01:00,86,1,,0,0,0.554,0
5968,08:04:00,08:04:00,115,2,,0,0,2.503,0
5968,08:05:00,08:05:00,116,3,,0,0,2.984,0
5968,08:07:00,08:07:00,118,4,,0,0,3.778,0
5968,08:08:00,08:08:00,119,5,,0,0,4.246,0
5968,08:09:00,08:09:00,120,6,,0,0,4.653,1
5968,08:09:00,08:09:00,121,7,,0,0,5.005,0
5968,08:09:00,08:09:00,122,8,,0,0,5.331,0
5968,08:10:00,08:10:00,169,9,,0,0,5.494,0
5968,08:10:00,08:10:00,163,10,,0,0,5.925,0
5968,08:11:00,08:11:00,176,11,,0,0,6.251,0
5968,08:12:00,08:12:00,155,12,,0,0,6.787,0
5968,08:14:00,08:14:00,177,13,,0,0,8.336,0
5968,08:14:00,08:14:00,178,14,,0,0,8.651,0
5968,08:15:00,08:15:00,123,15,,0,0,9.110,0
5968,08:17:00,08:17:00,191,16,,0,0,10.472,0
5968,08:18:00,08:18:00,124,17,,0,0,11.044,1
5968,08:18:00,08:18:00,125,18,,0,0,11.341,0
5968,08:19:00,08:19:00,126,19,,0,0,11.643,0
5968,08:19:00,08:19:00,127,20,,0,0,11.984,0
5968,08:20:00,08:20:00,128,21,,0,0,12.283,0
5968,08:22:00,08:22:00,129,22,,0,0,13.094,1
5968,08:23:00,08:23:00,130,23,,0,0,13.567,0
5968,08:24:00,08:24:00,131,24,,0,0,13.959,0
5968,08:27:00,08:27:00,170,25,,0,0,14.868,1
5968,08:30:00,08:30:00,83,26,,0,0,15.976,0
5968,08:34:00,08:34:00,190,27,,0,0,17.348,0
5968,08:35:00,08:35:00,86,28,,0,0,17.695,0
5968,08:37:00,08:37:00,148,29,,0,0,18.213,1
6028,09:30:00,09:30:00,85,0,,0,0,0.000,1
6028,09:31:00,09:31:00,86,1,,0,0,0.554,0
6028,09:34:00,09:34:00,115,2,,0,0,2.503,0
6028,09:35:00,09:35:00,116,3,,0,0,2.984,0
6028,09:37:00,09:37:00,118,4,,0,0,3.778,0
6028,09:38:00,09:38:00,119,5,,0,0,4.246,0
6028,09:39:00,09:39:00,120,6,,0,0,4.653,1
6028,09:39:00,09:39:00,121,7,,0,0,5.005,0
6028,09:40:00,09:40:00,122,8,,0,0,5.331,0
6028,09:40:00,09:40:00,169,9,,0,0,5.494,0
6028,09:41:00,09:41:00,163,10,,0,0,5.925,0
6028,09:41:00,09:41:00,176,11,,0,0,6.251,0
6028,09:42:00,09:42:00,155,12,,0,0,6.787,0
6028,09:44:00,09:44:00,177,13,,0,0,8.336,0
6028,09:45:00,09:45:00,178,14,,0,0,8.651,0
6028,09:46:00,09:46:00,123,15,,0,0,9.110,0
6028,09:48:00,09:48:00,191,16,,0,0,10.472,0
6028,09:50:00,09:50:00,147,17,,0,0,11.983,0
6028,09:51:00,09:51:00,179,18,,0,0,12.379,0
6028,09:52:00,09:52:00,124,19,,0,0,12.885,1
6028,09:52:00,09:52:00,125,20,,0,0,13.182,0
6028,09:53:00,09:53:00,126,21,,0,0,13.484,0
6028,09:54:00,09:54:00,127,22,,0,0,13.825,0
6028,09:55:00,09:55:00,128,23,,0,0,14.124,0
6028,09:57:00,09:57:00,129,24,,0,0,14.935,1
6028,09:57:00,09:57:00,130,25,,0,0,15.408,0
6028,09:58:00,09:58:00,131,26,,0,0,15.800,0
6028,09:59:00,09:59:00,171,27,,0,0,16.792,0
6028,09:59:00,09:59:00,174,28,,0,0,17.146,0
6028,10:00:00,10:00:00,180,29,,0,0,17.691,0
6028,10:01:00,10:01:00,156,30,,0,0,18.045,1
6028,10:02:00,10:02:00,181,31,,0,0,18.665,0
6028,10:05:00,10:05:00,182,32,,0,0,19.743,0
6028,10:09:00,10:09:00,190,33,,0,0,21.226,0
6028,10:10:00,10:10:00,86,34,,0,0,21.573,0
6028,10:12:00,10:12:00,148,35,,0,0,22.091,1
6100,11:00:00,11:00:00,85,0,,0,0,0.000,1
6100,11:01:00,11:01:00,86,1,,0,0,0.554,0
6100,11:04:00,11:04:00,115,2,,0,0,2.503,0
6100,11:05:00,11:05:00,116,3,,0,0,2.984,0
6100,11:07:00,11:07:00,118,4,,0,0,3.778,0
6100,11:08:00,11:08:00,119,5,,0,0,4.246,0
6100,11:09:00,11:09:00,120,6,,0,0,4.653,1
6100,11:09:00,11:09:00,121,7,,0,0,5.005,0
6100,11:10:00,11:10:00,122,8,,0,0,5.331,0
6100,11:10:00,11:10:00,169,9,,0,0,5.494,0
6100,11:11:00,11:11:00,163,10,,0,0,5.925,0
6100,11:11:00,11:11:00,176,11,,0,0,6.251,0
6100,11:12:00,11:12:00,155,12,,0,0,6.787,0
6100,11:14:00,11:14:00,177,13,,0,0,8.336,0
6100,11:15:00,11:15:00,178,14,,0,0,8.651,0
6100,11:16:00,11:16:00,123,15,,0,0,9.110,0
6100,11:18:00,11:18:00,191,16,,0,0,10.472,0
6100,11:20:00,11:20:00,147,17,,0,0,11.983,0
6100,11:21:00,11:21:00,179,18,,0,0,12.379,0
6100,11:22:00,11:22:00,124,19,,0,0,12.885,1
6100,11:22:00,11:22:00,125,20,,0,0,13.182,0
6100,11:23:00,11:23:00,126,21,,0,0,13.484,0
6100,11:24:00,11:24:00,127,22,,0,0,13.825,0
6100,11:25:00,11:25:00,128,23,,0,0,14.124,0
6100,11:27:00,11:27:00,129,24,,0,0,14.935,1
6100,11:27:00,11:27:00,130,25,,0,0,15.408,0
6100,11:28:00,11:28:00,131,26,,0,0,15.800,0
6100,11:29:00,11:29:00,171,27,,0,0,16.792,0
6100,11:29:00,11:29:00,174,28,,0,0,17.146,0
6100,11:30:00,11:30:00,180,29,,0,0,17.691,0
6100,11:31:00,11:31:00,156,30,,0,0,18.045,1
6100,11:32:00,11:32:00,181,31,,0,0,18.665,0
6100,11:35:00,11:35:00,182,32,,0,0,19.743,0
6100,11:39:00,11:39:00,190,33,,0,0,21.226,0
6100,11:40:00,11:40:00,86,34,,0,0,21.573,0
6100,11:42:00,11:42:00,148,35,,0,0,22.091,1
6172,13:45:00,13:45:00,85,0,,0,0,0.000,1
6172,13:46:00,13:46:00,86,1,,0,0,0.554,0
6172,13:49:00,13:49:00,115,2,,0,0,2.503,0
6172,13:50:00,13:50:00,116,3,,0,0,2.984,0
6172,13:52:00,13:52:00,118,4,,0,0,3.778,0
6172,13:53:00,13:53:00,119,5,,0,0,4.246,0
6172,13:54:00,13:54:00,120,6,,0,0,4.653,1
6172,13:54:00,13:54:00,121,7,,0,0,5.005,0
6172,13:55:00,13:55:00,122,8,,0,0,5.331,0
6172,13:55:00,13:55:00,169,9,,0,0,5.494,0
6172,13:56:00,13:56:00,163,10,,0,0,5.925,0
6172,13:56:00,13:56:00,176,11,,0,0,6.251,0
6172,13:57:00,13:57:00,155,12,,0,0,6.787,0
6172,13:59:00,13:59:00,177,13,,0,0,8.336,0
6172,14:00:00,14:00:00,178,14,,0,0,8.651,0
6172,14:01:00,14:01:00,123,15,,0,0,9.110,0
6172,14:03:00,14:03:00,191,16,,0,0,10.472,0
6172,14:05:00,14:05:00,147,17,,0,0,11.983,0
6172,14:06:00,14:06:00,179,18,,0,0,12.379,0
6172,14:07:00,14:07:00,124,19,,0,0,12.885,1
6172,14:07:00,14:07:00,125,20,,0,0,13.182,0
6172,14:08:00,14:08:00,126,21,,0,0,13.484,0
6172,14:09:00,14:09:00,127,22,,0,0,13.825,0
6172,14:10:00,14:10:00,128,23,,0,0,14.124,0
6172,14:12:00,14:12:00,129,24,,0,0,14.935,1
6172,14:12:00,14:12:00,130,25,,0,0,15.408,0
6172,14:13:00,14:13:00,131,26,,0,0,15.800,0
6172,14:14:00,14:14:00,171,27,,0,0,16.792,0
6172,14:14:00,14:14:00,174,28,,0,0,17.146,0
6172,14:15:00,14:15:00,180,29,,0,0,17.691,0
6172,14:16:00,14:16:00,156,30,,0,0,18.045,1
6172,14:17:00,14:17:00,181,31,,0,0,18.665,0
6172,14:20:00,14:20:00,182,32,,0,0,19.743,0
6172,14:24:00,14:24:00,190,33,,0,0,21.226,0
6172,14:25:00,14:25:00,86,34,,0,0,21.573,0
6172,14:27:00,14:27:00,148,35,,0,0,22.091,1
6244,15:15:00,15:15:00,85,0,,0,0,0.000,1
6244,15:16:00,15:16:00,86,1,,0,0,0.554,0
6244,15:19:00,15:19:00,115,2,,0,0,2.503,0
6244,15:20:00,15:20:00,116,3,,0,0,2.984,0
6244,15:22:00,15:22:00,118,4,,0,0,3.778,0
6244,15:23:00,15:23:00,119,5,,0,0,4.246,0
6244,15:24:00,15:24:00,120,6,,0,0,4.653,1
6244,15:24:00,15:24:00,121,7,,0,0,5.005,0
6244,15:25:00,15:25:00,122,8,,0,0,5.331,0
6244,15:25:00,15:25:00,169,9,,0,0,5.494,0
6244,15:26:00,15:26:00,163,10,,0,0,5.925,0
6244,15:26:00,15:26:00,176,11,,0,0,6.251,0
6244,15:27:00,15:27:00,155,12,,0,0,6.787,0
6244,15:29:00,15:29:00,177,13,,0,0,8.336,0
6244,15:30:00,15:30:00,178,14,,0,0,8.651,0
6244,15:31:00,15:31:00,123,15,,0,0,9.110,0
6244,15:33:00,15:33:00,191,16,,0,0,10.472,0
6244,15:35:00,15:35:00,147,17,,0,0,11.983,0
6244,15:36:00,15:36:00,179,18,,0,0,12.379,0
6244,15:37:00,15:37:00,124,19,,0,0,12.885,1
6244,15:37:00,15:37:00,125,20,,0,0,13.182,0
6244,15:38:00,15:38:00,126,21,,0,0,13.484,0
6244,15:39:00,15:39:00,127,22,,0,0,13.825,0
6244,15:40:00,15:40:00,128,23,,0,0,14.124,0
6244,15:42:00,15:42:00,129,24,,0,0,14.935,1
6244,15:42:00,15:42:00,130,25,,0,0,15.408,0
6244,15:43:00,15:43:00,131,26,,0,0,15.800,0
6244,15:44:00,15:44:00,171,27,,0,0,16.792,0
6244,15:44:00,15:44:00,174,28,,0,0,17.146,0
6244,15:45:00,15:45:00,180,29,,0,0,17.691,0
6244,15:46:00,15:46:00,156,30,,0,0,18.045,1
6244,15:47:00,15:47:00,181,31,,0,0,18.665,0
6244,15:50:00,15:50:00,182,32,,0,0,19.743,0
6244,15:54:00,15:54:00,190,33,,0,0,21.226,0
6244,15:55:00,15:55:00,86,34,,0,0,21.573,0
6244,15:57:00,15:57:00,148,35,,0,0,22.091,1
6316,16:00:00,16:00:00,85,0,,0,0,0.000,1
6316,16:01:00,16:01:00,86,1,,0,0,0.554,0
6316,16:04:00,16:04:00,115,2,,0,0,2.503,0
6316,16:05:00,16:05:00,116,3,,0,0,2.984,0
6316,16:07:00,16:07:00,118,4,,0,0,3.778,0
6316,16:08:00,16:08:00,119,5,,0,0,4.246,0
6316,16:09:00,16:09:00,120,6,,0,0,4.653,1
6316,16:09:00,16:09:00,121,7,,0,0,5.005,0
6316,16:09:00,16:09:00,122,8,,0,0,5.331,0
6316,16:10:00,16:10:00,169,9,,0,0,5.494,0
6316,16:10:00,16:10:00,163,10,,0,0,5.925,0
6316,16:11:00,16:11:00,176,11,,0,0,6.251,0
6316,16:12:00,16:12:00,155,12,,0,0,6.787,0
6316,16:14:00,16:14:00,177,13,,0,0,8.336,0
6316,16:14:00,16:14:00,178,14,,0,0,8.651,0
6316,16:15:00,16:15:00,123,15,,0,0,9.110,0
6316,16:17:00,16:17:00,191,16,,0,0,10.472,0
6316,16:18:00,16:18:00,124,17,,0,0,11.044,1
6316,16:18:00,16:18:00,125,18,,0,0,11.341,0
6316,16:19:00,16:19:00,126,19,,0,0,11.643,0
6316,16:19:00,16:19:00,127,20,,0,0,11.984,0
6316,16:20:00,16:20:00,128,21,,0,0,12.283,0
6316,16:22:00,16:22:00,129,22,,0,0,13.094,1
6316,16:23:00,16:23:00,130,23,,0,0,13.567,0
6316,16:24:00,16:24:00,131,24,,0,0,13.959,0
6316,16:27:00,16:27:00,170,25,,0,0,14.868,1
6316,16:30:00,16:30:00,83,26,,0,0,15.976,0
6316,16:34:00,16:34:00,190,27,,0,0,17.348,0
6316,16:35:00,16:35:00,86,28,,0,0,17.695,0
6316,16:37:00,16:37:00,148,29,,0,0,18.213,1
6376,16:45:00,16:45:00,85,0,,0,0,0.000,1
6376,16:46:00,16:46:00,86,1,,0,0,0.554,0
6376,16:49:00,16:49:00,115,2,,0,0,2.503,0
6376,16:50:00,16:50:00,116,3,,0,0,2.984,0
6376,16:52:00,16:52:00,118,4,,0,0,3.778,0
6376,16:53:00,16:53:00,119,5,,0,0,4.246,0
6376,16:54:00,16:54:00,120,6,,0,0,4.653,1
6376,16:54:00,16:54:00,121,7,,0,0,5.005,0
6376,16:54:00,16:54:00,122,8,,0,0,5.331,0
6376,16:55:00,16:55:00,169,9,,0,0,5.494,0
6376,16:55:00,16:55:00,163,10,,0,0,5.925,0
6376,16:56:00,16:56:00,176,11,,0,0,6.251,0
6376,16:57:00,16:57:00,155,12,,0,0,6.787,0
6376,16:59:00,16:59:00,177,13,,0,0,8.336,0
6376,16:59:00,16:59:00,178,14,,0,0,8.651,0
6376,17:00:00,17:00:00,123,15,,0,0,9.110,0
6376,17:02:00,17:02:00,191,16,,0,0,10.472,0
6376,17:03:00,17:03:00,124,17,,0,0,11.044,1
6376,17:03:00,17:03:00,125,18,,0,0,11.341,0
6376,17:04:00,17:04:00,126,19,,0,0,11.643,0
6376,17:04:00,17:04:00,127,20,,0,0,11.984,0
6376,17:05:00,17:05:00,128,21,,0,0,12.283,0
6376,17:07:00,17:07:00,129,22,,0,0,13.094,1
6376,17:08:00,17:08:00,130,23,,0,0,13.567,0
6376,17:09:00,17:09:00,131,24,,0,0,13.959,0
6376,17:12:00,17:12:00,170,25,,0,0,14.868,1
6376,17:15:00,17:15:00,83,26,,0,0,15.976,0
6376,17:19:00,17:19:00,190,27,,0,0,17.348,0
6376,17:20:00,17:20:00,86,28,,0,0,17.695,0
6376,17:22:00,17:22:00,148,29,,0,0,18.213,1
6436,17:30:00,17:30:00,85,0,,0,0,0.000,1
6436,17:31:00,17:31:00,86,1,,0,0,0.554,0
6436,17:34:00,17:34:00,115,2,,0,0,2.503,0
6436,17:35:00,17:35:00,116,3,,0,0,2.984,0
6436,17:37:00,17:37:00,118,4,,0,0,3.778,0
6436,17:38:00,17:38:00,119,5,,0,0,4.246,0
6436,17:39:00,17:39:00,120,6,,0,0,4.653,1
6436,17:39:00,17:39:00,121,7,,0,0,5.005,0
6436,17:39:00,17:39:00,122,8,,0,0,5.331,0
6436,17:40:00,17:40:00,169,9,,0,0,5.494,0
6436,17:40:00,17:40:00,163,10,,0,0,5.925,0
6436,17:41:00,17:41:00,176,11,,0,0,6.251,0
6436,17:42:00,17:42:00,155,12,,0,0,6.787,0
6436,17:44:00,17:44:00,177,13,,0,0,8.336,0
6436,17:44:00,17:44:00,178,14,,0,0,8.651,0
6436,17:45:00,17:45:00,123,15,,0,0,9.110,0
6436,17:47:00,17:47:00,191,16,,0,0,10.472,0
6436,17:48:00,17:48:00,124,17,,0,0,11.044,1
6436,17:48:00,17:48:00,125,18,,0,0,11.341,0
6436,17:49:00,17:49:00,126,19,,0,0,11.643,0
6436,17:49:00,17:49:00,127,20,,0,0,11.984,0
6436,17:50:00,17:50:00,128,21,,0,0,12.283,0
6436,17:52:00,17:52:00,129,22,,0,0,13.094,1
6436,17:53:00,17:53:00,130,23,,0,0,13.567,0
6436,17:54:00,17:54:00,131,24,,0,0,13.959,0
6436,17:57:00,17:57:00,170,25,,0,0,14.868,1
6436,18:00:00,18:00:00,83,26,,0,0,15.976,0
6436,18:04:00,18:04:00,190,27,,0,0,17.348,0
6436,18:05:00,18:05:00,86,28,,0,0,17.695,0
6436,18:07:00,18:07:00,148,29,,0,0,18.213,1
6497,08:45:00,08:45:00,85,0,,0,0,0.000,1
6497,08:46:00,08:46:00,86,1,,0,0,0.554,0
6497,08:50:00,08:50:00,114,2,,0,0,2.655,1
6497,08:51:00,08:51:00,172,3,,0,0,3.372,0
6497,08:51:00,08:51:00,164,4,,0,0,3.915,0
6497,08:53:00,08:53:00,173,5,,0,0,4.675,1
6497,08:55:00,08:55:00,188,6,,0,0,6.655,0
6497,08:57:00,08:57:00,133,7,,0,0,7.375,1
6497,08:58:00,08:58:00,189,8,,0,0,8.001,0
6497,09:00:00,09:00:00,190,9,,0,0,9.405,0
6497,09:01:00,09:01:00,86,10,,0,0,9.752,0
6497,09:02:00,09:02:00,148,11,,0,0,10.270,1
6521,10:15:00,10:15:00,85,0,,0,0,0.000,1
6521,10:16:00,10:16:00,86,1,,0,0,0.554,0
6521,10:20:00,10:20:00,114,2,,0,0,2.655,1
6521,10:21:00,10:21:00,172,3,,0,0,3.372,0
6521,10:21:00,10:21:00,164,4,,0,0,3.915,0
6521,10:23:00,10:23:00,173,5,,0,0,4.675,1
6521,10:25:00,10:25:00,188,6,,0,0,6.655,0
6521,10:27:00,10:27:00,133,7,,0,0,7.375,1
6521,10:28:00,10:28:00,189,8,,0,0,8.001,0
6521,10:30:00,10:30:00,190,9,,0,0,9.405,0
6521,10:31:00,10:31:00,86,10,,0,0,9.752,0
6521,10:32:00,10:32:00,148,11,,0,0,10.270,1
6545,11:42:00,11:42:00,85,0,,0,0,0.000,1
6545,11:43:00,11:43:00,86,1,,0,0,0.554,0
6545,11:47:00,11:47:00,114,2,,0,0,2.655,1
6545,11:48:00,11:48:00,172,3,,0,0,3.372,0
6545,11:48:00,11:48:00,164,4,,0,0,3.915,0
6545,11:50:00,11:50:00,173,5,,0,0,4.675,1
6545,11:52:00,11:52:00,188,6,,0,0,6.655,0
6545,11:54:00,11:54:00,133,7,,0,0,7.375,1
6545,11:55:00,11:55:00,189,8,,0,0,8.001,0
6545,11:57:00,11:57:00,190,9,,0,0,9.405,0
6545,11:58:00,11:58:00,86,10,,0,0,9.752,0
6545,11:59:00,11:59:00,148,11,,0,0,10.270,1
6569,14:42:00,14:42:00,85,0,,0,0,0.000,1
6569,14:43:00,14:43:00,86,1,,0,0,0.554,0
6569,14:47:00,14:47:00,114,2,,0,0,2.655,1
6569,14:48:00,14:48:00,172,3,,0,0,3.372,0
6569,14:48:00,14:48:00,164,4,,0,0,3.915,0
6569,14:50:00,14:50:00,173,5,,0,0,4.675,1
6569,14:52:00,14:52:00,188,6,,0,0,6.655,0
6569,14:54:00,14:54:00,133,7,,0,0,7.375,1
6569,14:55:00,14:55:00,189,8,,0,0,8.001,0
6569,14:57:00,14:57:00,190,9,,0,0,9.405,0
6569,14:58:00,14:58:00,86,10,,0,0,9.752,0
6569,14:59:00,14:59:00,148,11,,0,0,10.270,1
6594,07:40:00,07:40:00,85,0,,0,0,0.000,1
6594,07:41:00,07:41:00,86,1,,0,0,0.554,0
6594,07:45:00,07:45:00,114,2,,0,0,2.655,1
6594,07:46:00,07:46:00,172,3,,0,0,3.372,0
6594,07:46:00,07:46:00,164,4,,0,0,3.915,0
6594,07:48:00,07:48:00,173,5,,0,0,4.675,1
6594,07:50:00,07:50:00,188,6,,0,0,6.655,0
6594,07:52:00,07:52:00,133,7,,0,0,7.375,1
6594,07:53:00,07:53:00,189,8,,0,0,8.001,0
6594,07:55:00,07:55:00,190,9,,0,0,9.405,0
6594,07:56:00,07:56:00,86,10,,0,0,9.752,0
6594,07:57:00,07:57:00,148,11,,0,0,10.270,1
6618,09:30:00,09:30:00,85,0,,0,0,0.000,1
6618,09:31:00,09:31:00,86,1,,0,0,0.554,0
6618,09:35:00,09:35:00,114,2,,0,0,2.655,1
6618,09:36:00,09:36:00,172,3,,0,0,3.372,0
6618,09:36:00,09:36:00,164,4,,0,0,3.915,0
6618,09:38:00,09:38:00,173,5,,0,0,4.675,1
6618,09:40:00,09:40:00,188,6,,0,0,6.655,0
6618,09:42:00,09:42:00,133,7,,0,0,7.375,1
6618,09:43:00,09:43:00,189,8,,0,0,8.001,0
6618,09:45:00,09:45:00,190,9,,0,0,9.405,0
6618,09:46:00,09:46:00,86,10,,0,0,9.752,0
6618,09:47:00,09:47:00,148,11,,0,0,10.270,1
6642,11:00:00,11:00:00,85,0,,0,0,0.000,1
6642,11:01:00,11:01:00,86,1,,0,0,0.554,0
6642,11:05:00,11:05:00,114,2,,0,0,2.655,1
6642,11:06:00,11:06:00,172,3,,0,0,3.372,0
6642,11:06:00,11:06:00,164,4,,0,0,3.915,0
6642,11:08:00,11:08:00,173,5,,0,0,4.675,1
6642,11:10:00,11:10:00,188,6,,0,0,6.655,0
6642,11:12:00,11:12:00,133,7,,0,0,7.375,1
6642,11:13:00,11:13:00,189,8,,0,0,8.001,0
6642,11:15:00,11:15:00,190,9,,0,0,9.405,0
6642,11:16:00,11:16:00,86,10,,0,0,9.752,0
6642,11:17:00,11:17:00,148,11,,0,0,10.270,1
6666,13:42:00,13:42:00,85,0,,0,0,0.000,1
6666,13:43:00,13:43:00,86,1,,0,0,0.554,0
6666,13:47:00,13:47:00,114,2,,0,0,2.655,1
6666,13:48:00,13:48:00,172,3,,0,0,3.372,0
6666,13:48:00,13:48:00,164,4,,0,0,3.915,0
6666,13:50:00,13:50:00,173,5,,0,0,4.675,1
6666,13:52:00,13:52:00,188,6,,0,0,6.655,0
6666,13:54:00,13:54:00,133,7,,0,0,7.375,1
6666,13:55:00,13:55:00,189,8,,0,0,8.001,0
6666,13:57:00,13:57:00,190,9,,0,0,9.405,0
6666,13:58:00,13:58:00,86,10,,0,0,9.752,0
6666,13:59:00,13:59:00,148,11,,0,0,10.270,1
6690,15:20:00,15:20:00,85,0,,0,0,0.000,1
6690,15:21:00,15:21:00,86,1,,0,0,0.554,0
6690,15:25:00,15:25:00,114,2,,0,0,2.655,1
6690,15:26:00,15:26:00,172,3,,0,0,3.372,0
6690,15:26:00,15:26:00,164,4,,0,0,3.915,0
6690,15:28:00,15:28:00,173,5,,0,0,4.675,1
6690,15:30:00,15:30:00,188,6,,0,0,6.655,0
6690,15:32:00,15:32:00,133,7,,0,0,7.375,1
6690,15:33:00,15:33:00,189,8,,0,0,8.001,0
6690,15:35:00,15:35:00,190,9,,0,0,9.405,0
6690,15:36:00,15:36:00,86,10,,0,0,9.752,0
6690,15:37:00,15:37:00,148,11,,0,0,10.270,1
6714,17:10:00,17:10:00,85,0,,0,0,0.000,1
6714,17:11:00,17:11:00,86,1,,0,0,0.554,0
6714,17:15:00,17:15:00,114,2,,0,0,2.655,1
6714,17:16:00,17:16:00,172,3,,0,0,3.372,0
6714,17:16:00,17:16:00,164,4,,0,0,3.915,0
6714,17:18:00,17:18:00,173,5,,0,0,4.675,1
6714,17:20:00,17:20:00,188,6,,0,0,6.655,0
6714,17:22:00,17:22:00,133,7,,0,0,7.375,1
6714,17:23:00,17:23:00,189,8,,0,0,8.001,0
6714,17:25:00,17:25:00,190,9,,0,0,9.405,0
6714,17:26:00,17:26:00,86,10,,0,0,9.752,0
6714,17:27:00,17:27:00,148,11,,0,0,10.270,1
